b(CO,H2,H) (km/s)    =   0.30  3.00  5.00
Tex(CO,H2) (K)       =  20.00 89.44
[12C]/[13C]          =  69
[16O]/[18O]          = 557
[18O]/[17O]          =   3.6
n[N(12CO)]           =  47
n[N(H2)]             =  42
N(12CO)
 1.000E+00
 1.000E+10
 1.585E+10
 2.512E+10
 3.981E+10
 6.310E+10
 1.000E+11
 1.585E+11
 2.512E+11
 3.981E+11
 6.310E+11
 1.000E+12
 1.585E+12
 2.512E+12
 3.981E+12
 6.310E+12
 1.000E+13
 1.585E+13
 2.512E+13
 3.981E+13
 6.310E+13
 1.000E+14
 1.585E+14
 2.512E+14
 3.981E+14
 6.310E+14
 1.000E+15
 1.585E+15
 2.512E+15
 3.981E+15
 6.310E+15
 1.000E+16
 1.585E+16
 2.512E+16
 3.981E+16
 6.310E+16
 1.000E+17
 1.585E+17
 2.512E+17
 3.981E+17
 6.310E+17
 1.000E+18
 1.585E+18
 2.512E+18
 3.981E+18
 6.310E+18
 1.000E+19
N(H2)
 1.000E+00
 1.000E+15
 1.585E+15
 2.512E+15
 3.981E+15
 6.310E+15
 1.000E+16
 1.585E+16
 2.512E+16
 3.981E+16
 6.310E+16
 1.000E+17
 1.585E+17
 2.512E+17
 3.981E+17
 6.310E+17
 1.000E+18
 1.585E+18
 2.512E+18
 3.981E+18
 6.310E+18
 1.000E+19
 1.585E+19
 2.512E+19
 3.981E+19
 6.310E+19
 1.000E+20
 1.585E+20
 2.512E+20
 3.981E+20
 6.310E+20
 1.000E+21
 1.585E+21
 2.512E+21
 3.981E+21
 6.310E+21
 1.000E+22
 1.585E+22
 2.512E+22
 3.981E+22
 6.310E+22
 1.000E+23
12C16O
 1.000E+00 9.999E-01 9.998E-01 9.997E-01 9.995E-01 9.992E-01 9.988E-01 9.981E-01 9.969E-01 9.951E-01
 9.923E-01 9.880E-01 9.812E-01 9.707E-01 9.549E-01 9.318E-01 8.994E-01 8.564E-01 8.042E-01 7.467E-01
 6.890E-01 6.327E-01 5.764E-01 5.188E-01 4.600E-01 3.991E-01 3.353E-01 2.699E-01 2.065E-01 1.504E-01
 1.058E-01 7.367E-02 5.173E-02 3.680E-02 2.648E-02 1.927E-02 1.420E-02 1.054E-02 7.855E-03 5.862E-03
 4.366E-03 3.231E-03 2.357E-03 1.675E-03 1.152E-03 7.675E-04 5.038E-04
 9.096E-01 9.095E-01 9.094E-01 9.093E-01 9.092E-01 9.089E-01 9.084E-01 9.077E-01 9.066E-01 9.049E-01
 9.021E-01 8.978E-01 8.911E-01 8.808E-01 8.653E-01 8.426E-01 8.108E-01 7.689E-01 7.182E-01 6.630E-01
 6.086E-01 5.570E-01 5.067E-01 4.564E-01 4.057E-01 3.531E-01 2.975E-01 2.400E-01 1.841E-01 1.345E-01
 9.498E-02 6.656E-02 4.713E-02 3.382E-02 2.454E-02 1.801E-02 1.336E-02 9.958E-03 7.436E-03 5.550E-03
 4.135E-03 3.067E-03 2.245E-03 1.604E-03 1.110E-03 7.440E-04 4.908E-04
 9.079E-01 9.078E-01 9.077E-01 9.076E-01 9.074E-01 9.071E-01 9.067E-01 9.060E-01 9.048E-01 9.031E-01
 9.003E-01 8.960E-01 8.893E-01 8.790E-01 8.636E-01 8.409E-01 8.090E-01 7.671E-01 7.164E-01 6.613E-01
 6.069E-01 5.553E-01 5.051E-01 4.549E-01 4.042E-01 3.517E-01 2.963E-01 2.390E-01 1.834E-01 1.339E-01
 9.459E-02 6.630E-02 4.698E-02 3.374E-02 2.450E-02 1.798E-02 1.334E-02 9.941E-03 7.422E-03 5.539E-03
 4.127E-03 3.060E-03 2.241E-03 1.601E-03 1.108E-03 7.429E-04 4.901E-04
 9.062E-01 9.060E-01 9.060E-01 9.059E-01 9.057E-01 9.054E-01 9.050E-01 9.042E-01 9.031E-01 9.014E-01
 8.986E-01 8.943E-01 8.876E-01 8.773E-01 8.618E-01 8.392E-01 8.073E-01 7.654E-01 7.147E-01 6.596E-01
 6.052E-01 5.537E-01 5.035E-01 4.534E-01 4.028E-01 3.504E-01 2.952E-01 2.381E-01 1.826E-01 1.334E-01
 9.420E-02 6.605E-02 4.683E-02 3.366E-02 2.445E-02 1.795E-02 1.331E-02 9.923E-03 7.408E-03 5.528E-03
 4.118E-03 3.054E-03 2.237E-03 1.598E-03 1.106E-03 7.417E-04 4.894E-04
 9.045E-01 9.043E-01 9.043E-01 9.042E-01 9.040E-01 9.037E-01 9.033E-01 9.025E-01 9.014E-01 8.997E-01
 8.969E-01 8.926E-01 8.859E-01 8.756E-01 8.601E-01 8.375E-01 8.057E-01 7.637E-01 7.131E-01 6.580E-01
 6.036E-01 5.521E-01 5.019E-01 4.519E-01 4.014E-01 3.491E-01 2.940E-01 2.371E-01 1.819E-01 1.328E-01
 9.382E-02 6.580E-02 4.668E-02 3.357E-02 2.440E-02 1.792E-02 1.329E-02 9.905E-03 7.393E-03 5.516E-03
 4.110E-03 3.048E-03 2.232E-03 1.595E-03 1.104E-03 7.406E-04 4.888E-04
 9.027E-01 9.026E-01 9.025E-01 9.024E-01 9.022E-01 9.019E-01 9.015E-01 9.008E-01 8.997E-01 8.979E-01
 8.952E-01 8.909E-01 8.842E-01 8.739E-01 8.584E-01 8.357E-01 8.039E-01 7.620E-01 7.113E-01 6.562E-01
 6.019E-01 5.504E-01 5.003E-01 4.504E-01 4.000E-01 3.478E-01 2.929E-01 2.362E-01 1.811E-01 1.323E-01
 9.344E-02 6.556E-02 4.653E-02 3.349E-02 2.435E-02 1.789E-02 1.327E-02 9.885E-03 7.377E-03 5.504E-03
 4.101E-03 3.042E-03 2.228E-03 1.592E-03 1.102E-03 7.394E-04 4.880E-04
 9.008E-01 9.007E-01 9.006E-01 9.005E-01 9.003E-01 9.000E-01 8.996E-01 8.989E-01 8.978E-01 8.960E-01
 8.933E-01 8.889E-01 8.822E-01 8.720E-01 8.565E-01 8.338E-01 8.020E-01 7.601E-01 7.095E-01 6.544E-01
 6.001E-01 5.486E-01 4.986E-01 4.487E-01 3.985E-01 3.465E-01 2.917E-01 2.352E-01 1.803E-01 1.317E-01
 9.305E-02 6.531E-02 4.639E-02 3.340E-02 2.430E-02 1.785E-02 1.324E-02 9.863E-03 7.360E-03 5.491E-03
 4.091E-03 3.035E-03 2.223E-03 1.589E-03 1.100E-03 7.381E-04 4.873E-04
 8.936E-01 8.935E-01 8.934E-01 8.933E-01 8.931E-01 8.928E-01 8.924E-01 8.917E-01 8.906E-01 8.888E-01
 8.860E-01 8.817E-01 8.750E-01 8.648E-01 8.493E-01 8.266E-01 7.948E-01 7.530E-01 7.023E-01 6.473E-01
 5.931E-01 5.418E-01 4.919E-01 4.422E-01 3.922E-01 3.406E-01 2.863E-01 2.304E-01 1.763E-01 1.286E-01
 9.072E-02 6.364E-02 4.517E-02 3.249E-02 2.359E-02 1.730E-02 1.282E-02 9.555E-03 7.131E-03 5.321E-03
 3.966E-03 2.944E-03 2.158E-03 1.543E-03 1.068E-03 7.164E-04 4.734E-04
 8.905E-01 8.904E-01 8.903E-01 8.902E-01 8.900E-01 8.898E-01 8.893E-01 8.886E-01 8.875E-01 8.857E-01
 8.830E-01 8.787E-01 8.720E-01 8.617E-01 8.462E-01 8.236E-01 7.918E-01 7.499E-01 6.994E-01 6.444E-01
 5.902E-01 5.390E-01 4.892E-01 4.397E-01 3.899E-01 3.385E-01 2.845E-01 2.289E-01 1.752E-01 1.277E-01
 9.017E-02 6.329E-02 4.496E-02 3.236E-02 2.350E-02 1.724E-02 1.278E-02 9.521E-03 7.104E-03 5.301E-03
 3.951E-03 2.934E-03 2.151E-03 1.538E-03 1.064E-03 7.145E-04 4.722E-04
 8.873E-01 8.872E-01 8.872E-01 8.870E-01 8.869E-01 8.866E-01 8.861E-01 8.854E-01 8.843E-01 8.826E-01
 8.798E-01 8.755E-01 8.688E-01 8.586E-01 8.431E-01 8.204E-01 7.887E-01 7.468E-01 6.963E-01 6.414E-01
 5.873E-01 5.362E-01 4.866E-01 4.372E-01 3.876E-01 3.364E-01 2.827E-01 2.275E-01 1.741E-01 1.269E-01
 8.965E-02 6.297E-02 4.476E-02 3.223E-02 2.341E-02 1.718E-02 1.273E-02 9.485E-03 7.077E-03 5.281E-03
 3.937E-03 2.924E-03 2.144E-03 1.534E-03 1.062E-03 7.127E-04 4.710E-04
 8.839E-01 8.838E-01 8.837E-01 8.836E-01 8.834E-01 8.831E-01 8.827E-01 8.820E-01 8.809E-01 8.791E-01
 8.764E-01 8.721E-01 8.654E-01 8.551E-01 8.397E-01 8.170E-01 7.853E-01 7.435E-01 6.930E-01 6.381E-01
 5.841E-01 5.331E-01 4.837E-01 4.346E-01 3.852E-01 3.343E-01 2.808E-01 2.260E-01 1.729E-01 1.261E-01
 8.912E-02 6.263E-02 4.455E-02 3.209E-02 2.332E-02 1.711E-02 1.268E-02 9.448E-03 7.049E-03 5.260E-03
 3.922E-03 2.914E-03 2.137E-03 1.529E-03 1.059E-03 7.108E-04 4.698E-04
 8.800E-01 8.799E-01 8.798E-01 8.797E-01 8.795E-01 8.792E-01 8.788E-01 8.781E-01 8.770E-01 8.752E-01
 8.725E-01 8.682E-01 8.615E-01 8.512E-01 8.358E-01 8.132E-01 7.814E-01 7.397E-01 6.892E-01 6.344E-01
 5.805E-01 5.297E-01 4.805E-01 4.316E-01 3.825E-01 3.319E-01 2.788E-01 2.243E-01 1.716E-01 1.252E-01
 8.854E-02 6.227E-02 4.432E-02 3.194E-02 2.322E-02 1.704E-02 1.263E-02 9.408E-03 7.020E-03 5.239E-03
 3.907E-03 2.903E-03 2.130E-03 1.524E-03 1.055E-03 7.088E-04 4.686E-04
 8.756E-01 8.755E-01 8.754E-01 8.753E-01 8.751E-01 8.748E-01 8.744E-01 8.737E-01 8.726E-01 8.708E-01
 8.681E-01 8.638E-01 8.571E-01 8.468E-01 8.314E-01 8.088E-01 7.771E-01 7.354E-01 6.850E-01 6.303E-01
 5.765E-01 5.258E-01 4.768E-01 4.282E-01 3.794E-01 3.291E-01 2.764E-01 2.223E-01 1.701E-01 1.242E-01
 8.789E-02 6.187E-02 4.408E-02 3.178E-02 2.311E-02 1.696E-02 1.257E-02 9.367E-03 6.989E-03 5.216E-03
 3.890E-03 2.891E-03 2.121E-03 1.518E-03 1.052E-03 7.067E-04 4.673E-04
 8.706E-01 8.705E-01 8.705E-01 8.703E-01 8.702E-01 8.699E-01 8.694E-01 8.687E-01 8.676E-01 8.659E-01
 8.631E-01 8.588E-01 8.522E-01 8.419E-01 8.265E-01 8.039E-01 7.722E-01 7.305E-01 6.802E-01 6.255E-01
 5.719E-01 5.214E-01 4.725E-01 4.242E-01 3.757E-01 3.258E-01 2.735E-01 2.200E-01 1.684E-01 1.230E-01
 8.713E-02 6.141E-02 4.379E-02 3.160E-02 2.298E-02 1.688E-02 1.251E-02 9.321E-03 6.955E-03 5.191E-03
 3.872E-03 2.878E-03 2.112E-03 1.512E-03 1.048E-03 7.043E-04 4.658E-04
 8.650E-01 8.648E-01 8.648E-01 8.647E-01 8.645E-01 8.642E-01 8.638E-01 8.630E-01 8.619E-01 8.602E-01
 8.574E-01 8.531E-01 8.465E-01 8.362E-01 8.208E-01 7.982E-01 7.666E-01 7.249E-01 6.746E-01 6.201E-01
 5.665E-01 5.161E-01 4.675E-01 4.194E-01 3.712E-01 3.218E-01 2.700E-01 2.171E-01 1.662E-01 1.215E-01
 8.621E-02 6.086E-02 4.345E-02 3.138E-02 2.284E-02 1.678E-02 1.244E-02 9.269E-03 6.917E-03 5.162E-03
 3.850E-03 2.862E-03 2.101E-03 1.505E-03 1.043E-03 7.014E-04 4.640E-04
 8.582E-01 8.581E-01 8.580E-01 8.579E-01 8.577E-01 8.574E-01 8.570E-01 8.563E-01 8.552E-01 8.534E-01
 8.507E-01 8.464E-01 8.397E-01 8.295E-01 8.141E-01 7.915E-01 7.599E-01 7.183E-01 6.680E-01 6.135E-01
 5.600E-01 5.098E-01 4.614E-01 4.135E-01 3.658E-01 3.168E-01 2.657E-01 2.136E-01 1.636E-01 1.197E-01
 8.508E-02 6.019E-02 4.303E-02 3.110E-02 2.266E-02 1.665E-02 1.235E-02 9.205E-03 6.870E-03 5.127E-03
 3.824E-03 2.843E-03 2.087E-03 1.495E-03 1.037E-03 6.977E-04 4.617E-04
 8.502E-01 8.500E-01 8.500E-01 8.499E-01 8.497E-01 8.494E-01 8.490E-01 8.483E-01 8.471E-01 8.454E-01
 8.427E-01 8.384E-01 8.317E-01 8.215E-01 8.061E-01 7.835E-01 7.519E-01 7.103E-01 6.601E-01 6.057E-01
 5.524E-01 5.023E-01 4.541E-01 4.066E-01 3.593E-01 3.109E-01 2.606E-01 2.094E-01 1.604E-01 1.175E-01
 8.370E-02 5.935E-02 4.251E-02 3.076E-02 2.243E-02 1.650E-02 1.224E-02 9.126E-03 6.811E-03 5.083E-03
 3.791E-03 2.818E-03 2.069E-03 1.483E-03 1.029E-03 6.929E-04 4.588E-04
 8.407E-01 8.406E-01 8.405E-01 8.404E-01 8.402E-01 8.399E-01 8.395E-01 8.388E-01 8.377E-01 8.359E-01
 8.332E-01 8.289E-01 8.223E-01 8.121E-01 7.967E-01 7.742E-01 7.426E-01 7.010E-01 6.509E-01 5.966E-01
 5.434E-01 4.935E-01 4.456E-01 3.985E-01 3.517E-01 3.041E-01 2.546E-01 2.045E-01 1.567E-01 1.149E-01
 8.202E-02 5.832E-02 4.186E-02 3.033E-02 2.213E-02 1.630E-02 1.210E-02 9.024E-03 6.736E-03 5.027E-03
 3.748E-03 2.786E-03 2.046E-03 1.467E-03 1.019E-03 6.867E-04 4.550E-04
 8.298E-01 8.297E-01 8.296E-01 8.295E-01 8.293E-01 8.291E-01 8.286E-01 8.279E-01 8.268E-01 8.251E-01
 8.223E-01 8.180E-01 8.114E-01 8.012E-01 7.859E-01 7.634E-01 7.319E-01 6.904E-01 6.404E-01 5.862E-01
 5.332E-01 4.836E-01 4.360E-01 3.893E-01 3.432E-01 2.963E-01 2.479E-01 1.989E-01 1.524E-01 1.119E-01
 8.001E-02 5.704E-02 4.104E-02 2.978E-02 2.176E-02 1.604E-02 1.192E-02 8.894E-03 6.640E-03 4.954E-03
 3.694E-03 2.746E-03 2.017E-03 1.448E-03 1.006E-03 6.788E-04 4.501E-04
 8.175E-01 8.173E-01 8.173E-01 8.172E-01 8.170E-01 8.167E-01 8.163E-01 8.156E-01 8.145E-01 8.127E-01
 8.100E-01 8.057E-01 7.991E-01 7.889E-01 7.736E-01 7.512E-01 7.197E-01 6.784E-01 6.285E-01 5.745E-01
 5.218E-01 4.725E-01 4.253E-01 3.792E-01 3.337E-01 2.877E-01 2.404E-01 1.927E-01 1.475E-01 1.083E-01
 7.760E-02 5.547E-02 4.001E-02 2.909E-02 2.129E-02 1.571E-02 1.169E-02 8.727E-03 6.517E-03 4.862E-03
 3.625E-03 2.695E-03 1.981E-03 1.423E-03 9.904E-04 6.688E-04 4.439E-04
 8.035E-01 8.034E-01 8.034E-01 8.032E-01 8.031E-01 8.028E-01 8.023E-01 8.017E-01 8.006E-01 7.988E-01
 7.961E-01 7.918E-01 7.852E-01 7.751E-01 7.598E-01 7.375E-01 7.062E-01 6.649E-01 6.153E-01 5.616E-01
 5.091E-01 4.602E-01 4.136E-01 3.681E-01 3.235E-01 2.785E-01 2.323E-01 1.859E-01 1.421E-01 1.043E-01
 7.478E-02 5.358E-02 3.875E-02 2.824E-02 2.071E-02 1.530E-02 1.140E-02 8.515E-03 6.360E-03 4.745E-03
 3.538E-03 2.632E-03 1.936E-03 1.392E-03 9.704E-04 6.563E-04 4.360E-04
 7.880E-01 7.878E-01 7.878E-01 7.877E-01 7.875E-01 7.872E-01 7.868E-01 7.861E-01 7.850E-01 7.833E-01
 7.806E-01 7.763E-01 7.697E-01 7.597E-01 7.445E-01 7.222E-01 6.911E-01 6.501E-01 6.007E-01 5.474E-01
 4.954E-01 4.470E-01 4.010E-01 3.563E-01 3.125E-01 2.686E-01 2.237E-01 1.787E-01 1.363E-01 9.987E-02
 7.158E-02 5.135E-02 3.722E-02 2.719E-02 1.998E-02 1.479E-02 1.103E-02 8.247E-03 6.163E-03 4.600E-03
 3.431E-03 2.554E-03 1.881E-03 1.355E-03 9.460E-04 6.408E-04 4.263E-04
 7.704E-01 7.703E-01 7.702E-01 7.701E-01 7.700E-01 7.697E-01 7.692E-01 7.686E-01 7.675E-01 7.658E-01
 7.631E-01 7.589E-01 7.523E-01 7.423E-01 7.272E-01 7.052E-01 6.743E-01 6.336E-01 5.847E-01 5.318E-01
 4.804E-01 4.327E-01 3.874E-01 3.437E-01 3.010E-01 2.582E-01 2.146E-01 1.711E-01 1.302E-01 9.510E-02
 6.805E-02 4.881E-02 3.543E-02 2.592E-02 1.908E-02 1.416E-02 1.057E-02 7.911E-03 5.916E-03 4.419E-03
 3.300E-03 2.460E-03 1.815E-03 1.310E-03 9.164E-04 6.219E-04 4.144E-04
 7.504E-01 7.503E-01 7.503E-01 7.502E-01 7.500E-01 7.497E-01 7.493E-01 7.486E-01 7.475E-01 7.458E-01
 7.432E-01 7.390E-01 7.326E-01 7.227E-01 7.077E-01 6.859E-01 6.553E-01 6.152E-01 5.668E-01 5.147E-01
 4.640E-01 4.172E-01 3.729E-01 3.302E-01 2.887E-01 2.472E-01 2.051E-01 1.630E-01 1.237E-01 9.003E-02
 6.422E-02 4.599E-02 3.337E-02 2.444E-02 1.801E-02 1.338E-02 1.001E-02 7.497E-03 5.614E-03 4.200E-03
 3.143E-03 2.349E-03 1.737E-03 1.256E-03 8.809E-04 5.990E-04 3.998E-04
 7.272E-01 7.271E-01 7.270E-01 7.269E-01 7.268E-01 7.265E-01 7.261E-01 7.254E-01 7.243E-01 7.227E-01
 7.201E-01 7.160E-01 7.096E-01 6.999E-01 6.852E-01 6.637E-01 6.337E-01 5.942E-01 5.467E-01 4.955E-01
 4.459E-01 4.002E-01 3.571E-01 3.156E-01 2.754E-01 2.354E-01 1.948E-01 1.545E-01 1.168E-01 8.466E-02
 6.015E-02 4.294E-02 3.111E-02 2.276E-02 1.677E-02 1.247E-02 9.330E-03 7.001E-03 5.252E-03 3.939E-03
 2.957E-03 2.217E-03 1.646E-03 1.193E-03 8.386E-04 5.714E-04 3.822E-04
 6.995E-01 6.994E-01 6.993E-01 6.992E-01 6.991E-01 6.988E-01 6.984E-01 6.977E-01 6.967E-01 6.951E-01
 6.925E-01 6.885E-01 6.823E-01 6.728E-01 6.585E-01 6.376E-01 6.083E-01 5.698E-01 5.236E-01 4.738E-01
 4.256E-01 3.812E-01 3.396E-01 2.996E-01 2.609E-01 2.225E-01 1.837E-01 1.452E-01 1.094E-01 7.898E-02
 5.586E-02 3.972E-02 2.868E-02 2.093E-02 1.539E-02 1.143E-02 8.559E-03 6.431E-03 4.837E-03 3.641E-03
 2.745E-03 2.067E-03 1.540E-03 1.120E-03 7.891E-04 5.389E-04 3.613E-04
 6.656E-01 6.654E-01 6.654E-01 6.653E-01 6.651E-01 6.649E-01 6.645E-01 6.638E-01 6.629E-01 6.613E-01
 6.588E-01 6.550E-01 6.490E-01 6.399E-01 6.261E-01 6.060E-01 5.778E-01 5.408E-01 4.963E-01 4.484E-01
 4.022E-01 3.596E-01 3.198E-01 2.817E-01 2.448E-01 2.083E-01 1.716E-01 1.353E-01 1.015E-01 7.301E-02
 5.140E-02 3.639E-02 2.615E-02 1.900E-02 1.393E-02 1.032E-02 7.722E-03 5.810E-03 4.383E-03 3.313E-03
 2.510E-03 1.900E-03 1.421E-03 1.037E-03 7.321E-04 5.011E-04 3.370E-04
 6.227E-01 6.226E-01 6.226E-01 6.225E-01 6.223E-01 6.221E-01 6.217E-01 6.211E-01 6.202E-01 6.187E-01
 6.164E-01 6.128E-01 6.072E-01 5.986E-01 5.856E-01 5.666E-01 5.401E-01 5.051E-01 4.632E-01 4.181E-01
 3.745E-01 3.345E-01 2.970E-01 2.612E-01 2.267E-01 1.925E-01 1.582E-01 1.244E-01 9.315E-02 6.676E-02
 4.680E-02 3.297E-02 2.356E-02 1.702E-02 1.241E-02 9.166E-03 6.851E-03 5.161E-03 3.905E-03 2.965E-03
 2.258E-03 1.717E-03 1.290E-03 9.435E-04 6.677E-04 4.581E-04 3.092E-04
 5.675E-01 5.674E-01 5.673E-01 5.673E-01 5.671E-01 5.669E-01 5.666E-01 5.660E-01 5.652E-01 5.638E-01
 5.617E-01 5.584E-01 5.533E-01 5.455E-01 5.337E-01 5.164E-01 4.921E-01 4.603E-01 4.220E-01 3.808E-01
 3.409E-01 3.043E-01 2.700E-01 2.372E-01 2.056E-01 1.745E-01 1.432E-01 1.124E-01 8.404E-02 6.010E-02
 4.200E-02 2.943E-02 2.091E-02 1.500E-02 1.087E-02 7.991E-03 5.966E-03 4.500E-03 3.417E-03 2.606E-03
 1.994E-03 1.523E-03 1.147E-03 8.409E-04 5.959E-04 4.098E-04 2.776E-04
 4.961E-01 4.960E-01 4.960E-01 4.959E-01 4.958E-01 4.956E-01 4.953E-01 4.948E-01 4.941E-01 4.929E-01
 4.911E-01 4.883E-01 4.838E-01 4.771E-01 4.668E-01 4.519E-01 4.309E-01 4.033E-01 3.701E-01 3.343E-01
 2.995E-01 2.674E-01 2.373E-01 2.085E-01 1.807E-01 1.533E-01 1.257E-01 9.872E-02 7.377E-02 5.273E-02
 3.678E-02 2.568E-02 1.812E-02 1.290E-02 9.284E-03 6.797E-03 5.069E-03 3.831E-03 2.920E-03 2.238E-03
 1.720E-03 1.318E-03 9.950E-04 7.300E-04 5.175E-04 3.562E-04 2.422E-04
 4.068E-01 4.067E-01 4.067E-01 4.066E-01 4.065E-01 4.064E-01 4.062E-01 4.058E-01 4.052E-01 4.043E-01
 4.028E-01 4.006E-01 3.971E-01 3.917E-01 3.835E-01 3.716E-01 3.549E-01 3.329E-01 3.063E-01 2.774E-01
 2.492E-01 2.229E-01 1.982E-01 1.744E-01 1.513E-01 1.284E-01 1.054E-01 8.280E-02 6.196E-02 4.437E-02
 3.098E-02 2.159E-02 1.516E-02 1.072E-02 7.657E-03 5.583E-03 4.162E-03 3.155E-03 2.416E-03 1.862E-03
 1.438E-03 1.106E-03 8.355E-04 6.125E-04 4.334E-04 2.980E-04 2.033E-04
 3.035E-01 3.035E-01 3.035E-01 3.034E-01 3.034E-01 3.033E-01 3.031E-01 3.028E-01 3.024E-01 3.018E-01
 3.008E-01 2.992E-01 2.967E-01 2.930E-01 2.873E-01 2.789E-01 2.672E-01 2.517E-01 2.329E-01 2.123E-01
 1.918E-01 1.724E-01 1.539E-01 1.358E-01 1.181E-01 1.003E-01 8.245E-02 6.492E-02 4.874E-02 3.507E-02
 2.459E-02 1.716E-02 1.202E-02 8.446E-03 6.000E-03 4.362E-03 3.255E-03 2.478E-03 1.910E-03 1.482E-03
 1.152E-03 8.887E-04 6.717E-04 4.911E-04 3.460E-04 2.372E-04 1.621E-04
 1.983E-01 1.982E-01 1.982E-01 1.982E-01 1.982E-01 1.981E-01 1.980E-01 1.979E-01 1.976E-01 1.973E-01
 1.967E-01 1.958E-01 1.944E-01 1.922E-01 1.890E-01 1.842E-01 1.774E-01 1.684E-01 1.574E-01 1.451E-01
 1.325E-01 1.202E-01 1.080E-01 9.583E-02 8.363E-02 7.120E-02 5.862E-02 4.631E-02 3.499E-02 2.540E-02
 1.798E-02 1.262E-02 8.839E-03 6.188E-03 4.378E-03 3.177E-03 2.376E-03 1.819E-03 1.414E-03 1.107E-03
 8.670E-04 6.721E-04 5.080E-04 3.700E-04 2.590E-04 1.766E-04 1.208E-04
 1.089E-01 1.089E-01 1.089E-01 1.089E-01 1.088E-01 1.088E-01 1.088E-01 1.087E-01 1.086E-01 1.085E-01
 1.082E-01 1.078E-01 1.072E-01 1.063E-01 1.050E-01 1.029E-01 1.000E-01 9.608E-02 9.116E-02 8.546E-02
 7.934E-02 7.296E-02 6.628E-02 5.928E-02 5.198E-02 4.439E-02 3.666E-02 2.915E-02 2.227E-02 1.640E-02
 1.179E-02 8.366E-03 5.883E-03 4.112E-03 2.900E-03 2.103E-03 1.577E-03 1.215E-03 9.528E-04 7.543E-04
 5.966E-04 4.651E-04 3.518E-04 2.552E-04 1.775E-04 1.204E-04 8.249E-05
 4.901E-02 4.900E-02 4.900E-02 4.900E-02 4.900E-02 4.899E-02 4.898E-02 4.896E-02 4.893E-02 4.889E-02
 4.882E-02 4.872E-02 4.856E-02 4.830E-02 4.792E-02 4.734E-02 4.650E-02 4.534E-02 4.382E-02 4.193E-02
 3.970E-02 3.714E-02 3.421E-02 3.091E-02 2.729E-02 2.342E-02 1.947E-02 1.566E-02 1.218E-02 9.182E-03
 6.749E-03 4.863E-03 3.439E-03 2.401E-03 1.687E-03 1.221E-03 9.162E-04 7.098E-04 5.622E-04 4.502E-04
 3.598E-04 2.825E-04 2.141E-04 1.550E-04 1.074E-04 7.279E-05 5.023E-05
 1.809E-02 1.809E-02 1.809E-02 1.809E-02 1.809E-02 1.809E-02 1.809E-02 1.809E-02 1.808E-02 1.808E-02
 1.806E-02 1.805E-02 1.802E-02 1.797E-02 1.790E-02 1.780E-02 1.764E-02 1.741E-02 1.708E-02 1.662E-02
 1.602E-02 1.523E-02 1.423E-02 1.301E-02 1.159E-02 1.004E-02 8.456E-03 6.939E-03 5.543E-03 4.305E-03
 3.248E-03 2.378E-03 1.690E-03 1.176E-03 8.201E-04 5.892E-04 4.409E-04 3.426E-04 2.737E-04 2.216E-04
 1.790E-04 1.417E-04 1.080E-04 7.854E-05 5.479E-05 3.761E-05 2.657E-05
 5.317E-03 5.317E-03 5.317E-03 5.317E-03 5.317E-03 5.317E-03 5.317E-03 5.316E-03 5.316E-03 5.314E-03
 5.313E-03 5.310E-03 5.306E-03 5.299E-03 5.289E-03 5.272E-03 5.247E-03 5.207E-03 5.147E-03 5.057E-03
 4.926E-03 4.739E-03 4.484E-03 4.154E-03 3.754E-03 3.308E-03 2.851E-03 2.407E-03 1.985E-03 1.589E-03
 1.227E-03 9.082E-04 6.454E-04 4.458E-04 3.078E-04 2.189E-04 1.627E-04 1.265E-04 1.019E-04 8.357E-05
 6.845E-05 5.497E-05 4.261E-05 3.169E-05 2.283E-05 1.641E-05 1.230E-05
 1.076E-03 1.076E-03 1.076E-03 1.076E-03 1.076E-03 1.075E-03 1.075E-03 1.075E-03 1.075E-03 1.075E-03
 1.075E-03 1.075E-03 1.074E-03 1.073E-03 1.072E-03 1.069E-03 1.066E-03 1.060E-03 1.052E-03 1.039E-03
 1.019E-03 9.900E-04 9.492E-04 8.947E-04 8.270E-04 7.495E-04 6.671E-04 5.822E-04 4.949E-04 4.057E-04
 3.178E-04 2.368E-04 1.685E-04 1.163E-04 8.027E-05 5.708E-05 4.260E-05 3.354E-05 2.759E-05 2.321E-05
 1.958E-05 1.630E-05 1.325E-05 1.052E-05 8.268E-06 6.600E-06 5.514E-06
 1.217E-04 1.217E-04 1.217E-04 1.217E-04 1.217E-04 1.216E-04 1.216E-04 1.216E-04 1.216E-04 1.216E-04
 1.216E-04 1.216E-04 1.215E-04 1.215E-04 1.214E-04 1.212E-04 1.210E-04 1.206E-04 1.200E-04 1.191E-04
 1.178E-04 1.157E-04 1.128E-04 1.088E-04 1.035E-04 9.706E-05 8.943E-05 8.052E-05 7.022E-05 5.872E-05
 4.678E-05 3.552E-05 2.595E-05 1.863E-05 1.356E-05 1.025E-05 8.169E-06 6.885E-06 6.057E-06 5.448E-06
 4.933E-06 4.455E-06 3.999E-06 3.577E-06 3.212E-06 2.925E-06 2.723E-06
 7.076E-06 7.076E-06 7.076E-06 7.076E-06 7.076E-06 7.076E-06 7.076E-06 7.076E-06 7.075E-06 7.075E-06
 7.075E-06 7.074E-06 7.073E-06 7.072E-06 7.070E-06 7.066E-06 7.061E-06 7.052E-06 7.038E-06 7.017E-06
 6.984E-06 6.934E-06 6.858E-06 6.746E-06 6.585E-06 6.361E-06 6.055E-06 5.650E-06 5.139E-06 4.541E-06
 3.908E-06 3.310E-06 2.800E-06 2.410E-06 2.135E-06 1.949E-06 1.829E-06 1.753E-06 1.704E-06 1.665E-06
 1.631E-06 1.597E-06 1.562E-06 1.527E-06 1.494E-06 1.465E-06 1.441E-06
 8.085E-07 8.085E-07 8.085E-07 8.085E-07 8.085E-07 8.085E-07 8.085E-07 8.085E-07 8.085E-07 8.085E-07
 8.085E-07 8.085E-07 8.085E-07 8.085E-07 8.084E-07 8.084E-07 8.084E-07 8.083E-07 8.082E-07 8.080E-07
 8.077E-07 8.073E-07 8.066E-07 8.055E-07 8.039E-07 8.016E-07 7.981E-07 7.934E-07 7.874E-07 7.803E-07
 7.729E-07 7.659E-07 7.600E-07 7.555E-07 7.521E-07 7.498E-07 7.481E-07 7.470E-07 7.462E-07 7.455E-07
 7.447E-07 7.438E-07 7.427E-07 7.414E-07 7.399E-07 7.382E-07 7.362E-07
 3.321E-07 3.321E-07 3.321E-07 3.321E-07 3.321E-07 3.321E-07 3.321E-07 3.321E-07 3.321E-07 3.321E-07
 3.321E-07 3.321E-07 3.321E-07 3.321E-07 3.321E-07 3.321E-07 3.321E-07 3.321E-07 3.321E-07 3.321E-07
 3.321E-07 3.321E-07 3.321E-07 3.321E-07 3.321E-07 3.321E-07 3.321E-07 3.321E-07 3.321E-07 3.321E-07
 3.321E-07 3.320E-07 3.320E-07 3.320E-07 3.320E-07 3.320E-07 3.320E-07 3.320E-07 3.320E-07 3.320E-07
 3.319E-07 3.319E-07 3.318E-07 3.317E-07 3.314E-07 3.311E-07 3.306E-07
12C18O
 1.000E+00 1.000E+00 1.000E+00 1.000E+00 9.999E-01 9.999E-01 9.998E-01 9.998E-01 9.996E-01 9.994E-01
 9.990E-01 9.985E-01 9.976E-01 9.963E-01 9.942E-01 9.913E-01 9.871E-01 9.815E-01 9.744E-01 9.662E-01
 9.567E-01 9.453E-01 9.312E-01 9.136E-01 8.923E-01 8.665E-01 8.346E-01 7.943E-01 7.446E-01 6.868E-01
 6.232E-01 5.560E-01 4.869E-01 4.173E-01 3.486E-01 2.819E-01 2.188E-01 1.622E-01 1.151E-01 7.844E-02
 5.132E-02 3.227E-02 1.961E-02 1.156E-02 6.574E-03 3.618E-03 1.989E-03
 9.611E-01 9.611E-01 9.610E-01 9.610E-01 9.610E-01 9.610E-01 9.609E-01 9.608E-01 9.607E-01 9.605E-01
 9.601E-01 9.595E-01 9.587E-01 9.573E-01 9.553E-01 9.524E-01 9.482E-01 9.427E-01 9.357E-01 9.275E-01
 9.182E-01 9.071E-01 8.932E-01 8.760E-01 8.552E-01 8.300E-01 7.988E-01 7.593E-01 7.107E-01 6.543E-01
 5.923E-01 5.270E-01 4.601E-01 3.932E-01 3.276E-01 2.644E-01 2.049E-01 1.518E-01 1.077E-01 7.348E-02
 4.824E-02 3.052E-02 1.871E-02 1.114E-02 6.392E-03 3.534E-03 1.947E-03
 9.602E-01 9.602E-01 9.602E-01 9.602E-01 9.602E-01 9.601E-01 9.601E-01 9.600E-01 9.598E-01 9.596E-01
 9.593E-01 9.587E-01 9.578E-01 9.565E-01 9.545E-01 9.516E-01 9.474E-01 9.418E-01 9.349E-01 9.267E-01
 9.173E-01 9.062E-01 8.924E-01 8.752E-01 8.544E-01 8.292E-01 7.980E-01 7.586E-01 7.100E-01 6.537E-01
 5.918E-01 5.265E-01 4.597E-01 3.928E-01 3.272E-01 2.640E-01 2.046E-01 1.515E-01 1.075E-01 7.334E-02
 4.815E-02 3.047E-02 1.868E-02 1.113E-02 6.384E-03 3.530E-03 1.944E-03
 9.593E-01 9.593E-01 9.593E-01 9.593E-01 9.593E-01 9.593E-01 9.592E-01 9.591E-01 9.590E-01 9.587E-01
 9.584E-01 9.578E-01 9.570E-01 9.556E-01 9.536E-01 9.507E-01 9.465E-01 9.410E-01 9.340E-01 9.258E-01
 9.165E-01 9.054E-01 8.916E-01 8.744E-01 8.536E-01 8.284E-01 7.972E-01 7.579E-01 7.094E-01 6.531E-01
 5.912E-01 5.260E-01 4.592E-01 3.924E-01 3.268E-01 2.637E-01 2.043E-01 1.513E-01 1.073E-01 7.320E-02
 4.806E-02 3.043E-02 1.866E-02 1.112E-02 6.379E-03 3.527E-03 1.942E-03
 9.584E-01 9.584E-01 9.584E-01 9.584E-01 9.583E-01 9.583E-01 9.582E-01 9.581E-01 9.580E-01 9.578E-01
 9.574E-01 9.569E-01 9.560E-01 9.547E-01 9.527E-01 9.497E-01 9.456E-01 9.400E-01 9.330E-01 9.249E-01
 9.155E-01 9.044E-01 8.906E-01 8.735E-01 8.527E-01 8.276E-01 7.964E-01 7.571E-01 7.087E-01 6.524E-01
 5.906E-01 5.255E-01 4.587E-01 3.919E-01 3.264E-01 2.633E-01 2.040E-01 1.510E-01 1.071E-01 7.305E-02
 4.797E-02 3.038E-02 1.864E-02 1.111E-02 6.374E-03 3.524E-03 1.940E-03
 9.573E-01 9.573E-01 9.573E-01 9.573E-01 9.573E-01 9.572E-01 9.572E-01 9.571E-01 9.570E-01 9.567E-01
 9.564E-01 9.558E-01 9.550E-01 9.536E-01 9.516E-01 9.487E-01 9.445E-01 9.390E-01 9.320E-01 9.238E-01
 9.145E-01 9.034E-01 8.896E-01 8.725E-01 8.517E-01 8.266E-01 7.955E-01 7.563E-01 7.079E-01 6.517E-01
 5.900E-01 5.249E-01 4.581E-01 3.913E-01 3.259E-01 2.628E-01 2.036E-01 1.507E-01 1.069E-01 7.289E-02
 4.788E-02 3.033E-02 1.862E-02 1.110E-02 6.369E-03 3.521E-03 1.939E-03
 9.562E-01 9.562E-01 9.562E-01 9.561E-01 9.561E-01 9.561E-01 9.560E-01 9.559E-01 9.558E-01 9.556E-01
 9.552E-01 9.547E-01 9.538E-01 9.525E-01 9.505E-01 9.475E-01 9.434E-01 9.378E-01 9.308E-01 9.227E-01
 9.134E-01 9.023E-01 8.885E-01 8.714E-01 8.506E-01 8.256E-01 7.946E-01 7.553E-01 7.071E-01 6.509E-01
 5.893E-01 5.242E-01 4.575E-01 3.908E-01 3.253E-01 2.624E-01 2.032E-01 1.503E-01 1.066E-01 7.273E-02
 4.778E-02 3.027E-02 1.859E-02 1.108E-02 6.363E-03 3.518E-03 1.937E-03
 9.449E-01 9.449E-01 9.449E-01 9.449E-01 9.448E-01 9.448E-01 9.447E-01 9.447E-01 9.445E-01 9.443E-01
 9.439E-01 9.434E-01 9.425E-01 9.412E-01 9.392E-01 9.362E-01 9.321E-01 9.265E-01 9.196E-01 9.114E-01
 9.021E-01 8.910E-01 8.773E-01 8.602E-01 8.395E-01 8.146E-01 7.838E-01 7.448E-01 6.968E-01 6.411E-01
 5.799E-01 5.154E-01 4.493E-01 3.832E-01 3.186E-01 2.567E-01 1.987E-01 1.471E-01 1.045E-01 7.141E-02
 4.700E-02 2.982E-02 1.831E-02 1.091E-02 6.256E-03 3.452E-03 1.895E-03
 9.431E-01 9.431E-01 9.431E-01 9.431E-01 9.431E-01 9.430E-01 9.430E-01 9.429E-01 9.427E-01 9.425E-01
 9.422E-01 9.416E-01 9.407E-01 9.394E-01 9.374E-01 9.345E-01 9.303E-01 9.248E-01 9.178E-01 9.097E-01
 9.004E-01 8.893E-01 8.756E-01 8.585E-01 8.379E-01 8.130E-01 7.822E-01 7.434E-01 6.955E-01 6.399E-01
 5.788E-01 5.143E-01 4.483E-01 3.823E-01 3.178E-01 2.560E-01 1.981E-01 1.467E-01 1.041E-01 7.119E-02
 4.687E-02 2.974E-02 1.827E-02 1.089E-02 6.246E-03 3.447E-03 1.892E-03
 9.413E-01 9.413E-01 9.413E-01 9.413E-01 9.413E-01 9.412E-01 9.412E-01 9.411E-01 9.409E-01 9.407E-01
 9.404E-01 9.398E-01 9.389E-01 9.376E-01 9.356E-01 9.327E-01 9.285E-01 9.230E-01 9.160E-01 9.079E-01
 8.986E-01 8.875E-01 8.738E-01 8.568E-01 8.362E-01 8.114E-01 7.807E-01 7.419E-01 6.941E-01 6.386E-01
 5.776E-01 5.133E-01 4.473E-01 3.814E-01 3.170E-01 2.553E-01 1.975E-01 1.462E-01 1.038E-01 7.097E-02
 4.673E-02 2.966E-02 1.823E-02 1.087E-02 6.235E-03 3.441E-03 1.889E-03
 9.393E-01 9.393E-01 9.393E-01 9.393E-01 9.393E-01 9.392E-01 9.392E-01 9.391E-01 9.389E-01 9.387E-01
 9.383E-01 9.378E-01 9.369E-01 9.356E-01 9.336E-01 9.307E-01 9.265E-01 9.210E-01 9.140E-01 9.059E-01
 8.966E-01 8.856E-01 8.718E-01 8.548E-01 8.343E-01 8.095E-01 7.789E-01 7.402E-01 6.925E-01 6.372E-01
 5.763E-01 5.121E-01 4.462E-01 3.804E-01 3.161E-01 2.545E-01 1.969E-01 1.457E-01 1.035E-01 7.073E-02
 4.658E-02 2.957E-02 1.818E-02 1.084E-02 6.220E-03 3.433E-03 1.885E-03
 9.369E-01 9.369E-01 9.369E-01 9.369E-01 9.368E-01 9.368E-01 9.367E-01 9.366E-01 9.365E-01 9.363E-01
 9.359E-01 9.354E-01 9.345E-01 9.332E-01 9.312E-01 9.282E-01 9.241E-01 9.185E-01 9.116E-01 9.035E-01
 8.942E-01 8.832E-01 8.695E-01 8.525E-01 8.320E-01 8.073E-01 7.767E-01 7.381E-01 6.906E-01 6.354E-01
 5.747E-01 5.106E-01 4.449E-01 3.792E-01 3.151E-01 2.537E-01 1.963E-01 1.452E-01 1.031E-01 7.046E-02
 4.640E-02 2.947E-02 1.812E-02 1.081E-02 6.202E-03 3.424E-03 1.880E-03
 9.339E-01 9.339E-01 9.339E-01 9.339E-01 9.338E-01 9.338E-01 9.337E-01 9.337E-01 9.335E-01 9.333E-01
 9.329E-01 9.324E-01 9.315E-01 9.302E-01 9.282E-01 9.252E-01 9.211E-01 9.156E-01 9.086E-01 9.005E-01
 8.912E-01 8.802E-01 8.665E-01 8.496E-01 8.291E-01 8.045E-01 7.741E-01 7.356E-01 6.883E-01 6.332E-01
 5.727E-01 5.088E-01 4.433E-01 3.778E-01 3.139E-01 2.527E-01 1.954E-01 1.446E-01 1.026E-01 7.014E-02
 4.619E-02 2.933E-02 1.804E-02 1.076E-02 6.179E-03 3.412E-03 1.874E-03
 9.302E-01 9.302E-01 9.301E-01 9.301E-01 9.301E-01 9.301E-01 9.300E-01 9.299E-01 9.298E-01 9.296E-01
 9.292E-01 9.286E-01 9.278E-01 9.265E-01 9.245E-01 9.215E-01 9.174E-01 9.118E-01 9.049E-01 8.968E-01
 8.875E-01 8.765E-01 8.629E-01 8.460E-01 8.256E-01 8.011E-01 7.707E-01 7.325E-01 6.853E-01 6.306E-01
 5.703E-01 5.066E-01 4.413E-01 3.760E-01 3.123E-01 2.513E-01 1.944E-01 1.438E-01 1.021E-01 6.974E-02
 4.592E-02 2.916E-02 1.794E-02 1.070E-02 6.148E-03 3.397E-03 1.867E-03
 9.254E-01 9.254E-01 9.254E-01 9.254E-01 9.254E-01 9.253E-01 9.253E-01 9.252E-01 9.250E-01 9.248E-01
 9.245E-01 9.239E-01 9.230E-01 9.217E-01 9.197E-01 9.168E-01 9.126E-01 9.071E-01 9.002E-01 8.921E-01
 8.828E-01 8.719E-01 8.583E-01 8.414E-01 8.211E-01 7.967E-01 7.665E-01 7.285E-01 6.816E-01 6.272E-01
 5.672E-01 5.038E-01 4.387E-01 3.737E-01 3.103E-01 2.496E-01 1.930E-01 1.428E-01 1.013E-01 6.923E-02
 4.556E-02 2.893E-02 1.780E-02 1.062E-02 6.106E-03 3.377E-03 1.857E-03
 9.193E-01 9.193E-01 9.193E-01 9.192E-01 9.192E-01 9.192E-01 9.191E-01 9.190E-01 9.189E-01 9.187E-01
 9.183E-01 9.178E-01 9.169E-01 9.156E-01 9.136E-01 9.106E-01 9.065E-01 9.010E-01 8.941E-01 8.860E-01
 8.767E-01 8.658E-01 8.522E-01 8.355E-01 8.153E-01 7.910E-01 7.610E-01 7.233E-01 6.768E-01 6.228E-01
 5.632E-01 5.002E-01 4.354E-01 3.707E-01 3.076E-01 2.474E-01 1.912E-01 1.414E-01 1.003E-01 6.853E-02
 4.509E-02 2.862E-02 1.761E-02 1.052E-02 6.049E-03 3.349E-03 1.843E-03
 9.113E-01 9.113E-01 9.113E-01 9.113E-01 9.113E-01 9.112E-01 9.112E-01 9.111E-01 9.109E-01 9.107E-01
 9.104E-01 9.098E-01 9.089E-01 9.076E-01 9.056E-01 9.027E-01 8.986E-01 8.930E-01 8.861E-01 8.781E-01
 8.688E-01 8.580E-01 8.445E-01 8.278E-01 8.077E-01 7.836E-01 7.539E-01 7.165E-01 6.705E-01 6.170E-01
 5.580E-01 4.954E-01 4.311E-01 3.667E-01 3.041E-01 2.444E-01 1.887E-01 1.395E-01 9.897E-02 6.760E-02
 4.446E-02 2.821E-02 1.735E-02 1.037E-02 5.972E-03 3.312E-03 1.825E-03
 9.012E-01 9.011E-01 9.011E-01 9.011E-01 9.011E-01 9.011E-01 9.010E-01 9.009E-01 9.008E-01 9.005E-01
 9.002E-01 8.996E-01 8.988E-01 8.975E-01 8.955E-01 8.925E-01 8.884E-01 8.829E-01 8.760E-01 8.680E-01
 8.588E-01 8.479E-01 8.345E-01 8.179E-01 7.980E-01 7.741E-01 7.447E-01 7.078E-01 6.623E-01 6.094E-01
 5.511E-01 4.892E-01 4.254E-01 3.616E-01 2.995E-01 2.404E-01 1.855E-01 1.371E-01 9.720E-02 6.636E-02
 4.362E-02 2.766E-02 1.702E-02 1.018E-02 5.871E-03 3.263E-03 1.800E-03
 8.885E-01 8.885E-01 8.885E-01 8.885E-01 8.885E-01 8.884E-01 8.884E-01 8.883E-01 8.882E-01 8.879E-01
 8.876E-01 8.870E-01 8.862E-01 8.849E-01 8.829E-01 8.799E-01 8.758E-01 8.703E-01 8.635E-01 8.554E-01
 8.463E-01 8.355E-01 8.221E-01 8.057E-01 7.859E-01 7.623E-01 7.333E-01 6.968E-01 6.520E-01 5.999E-01
 5.424E-01 4.813E-01 4.182E-01 3.551E-01 2.937E-01 2.355E-01 1.815E-01 1.340E-01 9.494E-02 6.479E-02
 4.256E-02 2.697E-02 1.659E-02 9.933E-03 5.743E-03 3.201E-03 1.769E-03
 8.735E-01 8.735E-01 8.735E-01 8.735E-01 8.735E-01 8.734E-01 8.734E-01 8.733E-01 8.731E-01 8.729E-01
 8.726E-01 8.720E-01 8.711E-01 8.698E-01 8.678E-01 8.649E-01 8.608E-01 8.553E-01 8.485E-01 8.405E-01
 8.314E-01 8.207E-01 8.074E-01 7.910E-01 7.715E-01 7.482E-01 7.196E-01 6.837E-01 6.396E-01 5.883E-01
 5.318E-01 4.716E-01 4.094E-01 3.471E-01 2.867E-01 2.295E-01 1.766E-01 1.302E-01 9.220E-02 6.288E-02
 4.127E-02 2.613E-02 1.607E-02 9.636E-03 5.588E-03 3.127E-03 1.731E-03
 8.563E-01 8.563E-01 8.563E-01 8.563E-01 8.562E-01 8.562E-01 8.561E-01 8.560E-01 8.559E-01 8.557E-01
 8.553E-01 8.548E-01 8.539E-01 8.526E-01 8.506E-01 8.477E-01 8.437E-01 8.382E-01 8.314E-01 8.234E-01
 8.143E-01 8.037E-01 7.905E-01 7.743E-01 7.549E-01 7.319E-01 7.037E-01 6.684E-01 6.251E-01 5.748E-01
 5.193E-01 4.602E-01 3.991E-01 3.379E-01 2.786E-01 2.226E-01 1.710E-01 1.258E-01 8.899E-02 6.063E-02
 3.975E-02 2.515E-02 1.547E-02 9.290E-03 5.407E-03 3.038E-03 1.685E-03
 8.371E-01 8.371E-01 8.371E-01 8.371E-01 8.370E-01 8.370E-01 8.369E-01 8.369E-01 8.367E-01 8.365E-01
 8.361E-01 8.356E-01 8.347E-01 8.334E-01 8.315E-01 8.286E-01 8.245E-01 8.191E-01 8.123E-01 8.044E-01
 7.954E-01 7.848E-01 7.717E-01 7.557E-01 7.365E-01 7.138E-01 6.860E-01 6.512E-01 6.087E-01 5.593E-01
 5.049E-01 4.471E-01 3.872E-01 3.273E-01 2.694E-01 2.148E-01 1.646E-01 1.209E-01 8.533E-02 5.805E-02
 3.802E-02 2.404E-02 1.479E-02 8.899E-03 5.201E-03 2.934E-03 1.630E-03
 8.159E-01 8.159E-01 8.159E-01 8.159E-01 8.159E-01 8.158E-01 8.158E-01 8.157E-01 8.156E-01 8.153E-01
 8.150E-01 8.144E-01 8.136E-01 8.123E-01 8.104E-01 8.075E-01 8.034E-01 7.980E-01 7.913E-01 7.834E-01
 7.745E-01 7.640E-01 7.511E-01 7.352E-01 7.163E-01 6.938E-01 6.665E-01 6.322E-01 5.904E-01 5.420E-01
 4.887E-01 4.322E-01 3.737E-01 3.153E-01 2.589E-01 2.060E-01 1.575E-01 1.154E-01 8.126E-02 5.519E-02
 3.610E-02 2.281E-02 1.404E-02 8.470E-03 4.971E-03 2.815E-03 1.566E-03
 7.925E-01 7.925E-01 7.925E-01 7.925E-01 7.925E-01 7.924E-01 7.924E-01 7.923E-01 7.921E-01 7.919E-01
 7.916E-01 7.910E-01 7.902E-01 7.889E-01 7.870E-01 7.841E-01 7.801E-01 7.748E-01 7.681E-01 7.604E-01
 7.515E-01 7.412E-01 7.284E-01 7.127E-01 6.940E-01 6.719E-01 6.450E-01 6.113E-01 5.703E-01 5.228E-01
 4.707E-01 4.155E-01 3.586E-01 3.019E-01 2.474E-01 1.963E-01 1.497E-01 1.094E-01 7.682E-02 5.207E-02
 3.403E-02 2.150E-02 1.325E-02 8.014E-03 4.720E-03 2.681E-03 1.492E-03
 7.659E-01 7.659E-01 7.659E-01 7.659E-01 7.658E-01 7.658E-01 7.658E-01 7.657E-01 7.655E-01 7.653E-01
 7.650E-01 7.644E-01 7.636E-01 7.624E-01 7.605E-01 7.577E-01 7.537E-01 7.485E-01 7.419E-01 7.343E-01
 7.256E-01 7.154E-01 7.028E-01 6.874E-01 6.691E-01 6.474E-01 6.210E-01 5.880E-01 5.478E-01 5.014E-01
 4.506E-01 3.969E-01 3.418E-01 2.870E-01 2.346E-01 1.857E-01 1.413E-01 1.028E-01 7.205E-02 4.876E-02
 3.185E-02 2.014E-02 1.243E-02 7.538E-03 4.452E-03 2.533E-03 1.409E-03
 7.344E-01 7.344E-01 7.343E-01 7.343E-01 7.343E-01 7.343E-01 7.342E-01 7.341E-01 7.340E-01 7.338E-01
 7.335E-01 7.330E-01 7.322E-01 7.309E-01 7.291E-01 7.263E-01 7.225E-01 7.174E-01 7.110E-01 7.035E-01
 6.951E-01 6.851E-01 6.729E-01 6.579E-01 6.400E-01 6.188E-01 5.931E-01 5.611E-01 5.220E-01 4.770E-01
 4.278E-01 3.760E-01 3.229E-01 2.704E-01 2.204E-01 1.740E-01 1.320E-01 9.582E-02 6.697E-02 4.528E-02
 2.960E-02 1.875E-02 1.160E-02 7.049E-03 4.166E-03 2.371E-03 1.318E-03
 6.956E-01 6.955E-01 6.955E-01 6.955E-01 6.955E-01 6.955E-01 6.954E-01 6.953E-01 6.952E-01 6.950E-01
 6.947E-01 6.942E-01 6.934E-01 6.922E-01 6.905E-01 6.878E-01 6.842E-01 6.792E-01 6.731E-01 6.659E-01
 6.578E-01 6.482E-01 6.364E-01 6.220E-01 6.048E-01 5.845E-01 5.598E-01 5.290E-01 4.915E-01 4.483E-01
 4.013E-01 3.518E-01 3.013E-01 2.516E-01 2.045E-01 1.610E-01 1.218E-01 8.826E-02 6.162E-02 4.169E-02
 2.732E-02 1.737E-02 1.078E-02 6.550E-03 3.866E-03 2.196E-03 1.220E-03
 6.468E-01 6.468E-01 6.468E-01 6.467E-01 6.467E-01 6.467E-01 6.467E-01 6.466E-01 6.465E-01 6.463E-01
 6.460E-01 6.455E-01 6.448E-01 6.437E-01 6.420E-01 6.395E-01 6.361E-01 6.314E-01 6.257E-01 6.189E-01
 6.113E-01 6.023E-01 5.912E-01 5.776E-01 5.614E-01 5.423E-01 5.190E-01 4.900E-01 4.547E-01 4.141E-01
 3.699E-01 3.236E-01 2.764E-01 2.302E-01 1.866E-01 1.466E-01 1.107E-01 8.015E-02 5.602E-02 3.802E-02
 2.504E-02 1.600E-02 9.953E-03 6.043E-03 3.554E-03 2.012E-03 1.116E-03
 5.856E-01 5.856E-01 5.856E-01 5.856E-01 5.856E-01 5.855E-01 5.855E-01 5.854E-01 5.853E-01 5.851E-01
 5.849E-01 5.844E-01 5.838E-01 5.828E-01 5.813E-01 5.790E-01 5.759E-01 5.717E-01 5.665E-01 5.604E-01
 5.534E-01 5.452E-01 5.352E-01 5.228E-01 5.080E-01 4.906E-01 4.693E-01 4.428E-01 4.106E-01 3.736E-01
 3.332E-01 2.910E-01 2.482E-01 2.063E-01 1.669E-01 1.310E-01 9.886E-02 7.166E-02 5.026E-02 3.431E-02
 2.276E-02 1.463E-02 9.127E-03 5.528E-03 3.234E-03 1.821E-03 1.006E-03
 5.099E-01 5.099E-01 5.099E-01 5.099E-01 5.099E-01 5.098E-01 5.098E-01 5.097E-01 5.096E-01 5.095E-01
 5.093E-01 5.089E-01 5.083E-01 5.075E-01 5.062E-01 5.043E-01 5.016E-01 4.980E-01 4.935E-01 4.883E-01
 4.823E-01 4.753E-01 4.666E-01 4.559E-01 4.431E-01 4.279E-01 4.095E-01 3.864E-01 3.584E-01 3.261E-01
 2.909E-01 2.541E-01 2.166E-01 1.801E-01 1.458E-01 1.144E-01 8.652E-02 6.294E-02 4.441E-02 3.056E-02
 2.045E-02 1.323E-02 8.266E-03 4.990E-03 2.898E-03 1.619E-03 8.900E-04
 4.181E-01 4.181E-01 4.181E-01 4.181E-01 4.181E-01 4.181E-01 4.181E-01 4.180E-01 4.179E-01 4.178E-01
 4.177E-01 4.174E-01 4.169E-01 4.163E-01 4.152E-01 4.138E-01 4.117E-01 4.088E-01 4.053E-01 4.012E-01
 3.965E-01 3.909E-01 3.840E-01 3.755E-01 3.653E-01 3.531E-01 3.382E-01 3.196E-01 2.969E-01 2.707E-01
 2.421E-01 2.120E-01 1.813E-01 1.512E-01 1.229E-01 9.680E-02 7.352E-02 5.381E-02 3.827E-02 2.658E-02
 1.793E-02 1.167E-02 7.297E-03 4.385E-03 2.525E-03 1.397E-03 7.608E-04
 3.125E-01 3.125E-01 3.125E-01 3.125E-01 3.125E-01 3.125E-01 3.124E-01 3.124E-01 3.124E-01 3.123E-01
 3.122E-01 3.120E-01 3.117E-01 3.112E-01 3.105E-01 3.095E-01 3.081E-01 3.062E-01 3.038E-01 3.009E-01
 2.977E-01 2.938E-01 2.890E-01 2.830E-01 2.758E-01 2.671E-01 2.564E-01 2.430E-01 2.265E-01 2.075E-01
 1.866E-01 1.644E-01 1.417E-01 1.191E-01 9.754E-02 7.745E-02 5.928E-02 4.376E-02 3.142E-02 2.204E-02
 1.500E-02 9.820E-03 6.146E-03 3.674E-03 2.094E-03 1.142E-03 6.138E-04
 2.035E-01 2.035E-01 2.035E-01 2.035E-01 2.035E-01 2.035E-01 2.035E-01 2.034E-01 2.034E-01 2.034E-01
 2.033E-01 2.032E-01 2.030E-01 2.028E-01 2.024E-01 2.019E-01 2.011E-01 2.000E-01 1.987E-01 1.971E-01
 1.953E-01 1.931E-01 1.903E-01 1.868E-01 1.825E-01 1.773E-01 1.708E-01 1.627E-01 1.527E-01 1.409E-01
 1.279E-01 1.139E-01 9.939E-02 8.472E-02 7.031E-02 5.653E-02 4.379E-02 3.271E-02 2.378E-02 1.689E-02
 1.162E-02 7.668E-03 4.808E-03 2.857E-03 1.607E-03 8.605E-04 4.534E-04
 1.099E-01 1.099E-01 1.099E-01 1.099E-01 1.099E-01 1.099E-01 1.099E-01 1.099E-01 1.099E-01 1.098E-01
 1.098E-01 1.098E-01 1.097E-01 1.096E-01 1.095E-01 1.093E-01 1.089E-01 1.085E-01 1.080E-01 1.073E-01
 1.066E-01 1.056E-01 1.044E-01 1.028E-01 1.009E-01 9.843E-02 9.537E-02 9.147E-02 8.662E-02 8.086E-02
 7.436E-02 6.729E-02 5.978E-02 5.197E-02 4.400E-02 3.604E-02 2.840E-02 2.159E-02 1.598E-02 1.154E-02
 8.072E-03 5.385E-03 3.387E-03 1.999E-03 1.105E-03 5.776E-04 2.963E-04
 4.749E-02 4.749E-02 4.749E-02 4.749E-02 4.749E-02 4.749E-02 4.749E-02 4.749E-02 4.748E-02 4.748E-02
 4.747E-02 4.746E-02 4.745E-02 4.743E-02 4.739E-02 4.734E-02 4.727E-02 4.716E-02 4.702E-02 4.685E-02
 4.662E-02 4.634E-02 4.595E-02 4.545E-02 4.481E-02 4.399E-02 4.291E-02 4.152E-02 3.975E-02 3.761E-02
 3.514E-02 3.240E-02 2.942E-02 2.622E-02 2.277E-02 1.912E-02 1.545E-02 1.206E-02 9.158E-03 6.785E-03
 4.849E-03 3.285E-03 2.076E-03 1.215E-03 6.577E-04 3.335E-04 1.656E-04
 1.646E-02 1.646E-02 1.646E-02 1.646E-02 1.646E-02 1.646E-02 1.646E-02 1.646E-02 1.646E-02 1.646E-02
 1.646E-02 1.646E-02 1.645E-02 1.645E-02 1.645E-02 1.644E-02 1.643E-02 1.641E-02 1.639E-02 1.636E-02
 1.632E-02 1.626E-02 1.617E-02 1.606E-02 1.590E-02 1.569E-02 1.540E-02 1.501E-02 1.450E-02 1.386E-02
 1.312E-02 1.229E-02 1.139E-02 1.040E-02 9.287E-03 8.046E-03 6.735E-03 5.458E-03 4.307E-03 3.304E-03
 2.428E-03 1.675E-03 1.064E-03 6.163E-04 3.253E-04 1.593E-04 7.657E-05
 4.649E-03 4.649E-03 4.649E-03 4.649E-03 4.649E-03 4.649E-03 4.649E-03 4.649E-03 4.649E-03 4.649E-03
 4.649E-03 4.649E-03 4.649E-03 4.648E-03 4.648E-03 4.647E-03 4.646E-03 4.644E-03 4.641E-03 4.636E-03
 4.629E-03 4.618E-03 4.602E-03 4.578E-03 4.543E-03 4.491E-03 4.416E-03 4.311E-03 4.172E-03 3.998E-03
 3.798E-03 3.583E-03 3.363E-03 3.132E-03 2.877E-03 2.588E-03 2.268E-03 1.935E-03 1.606E-03 1.285E-03
 9.740E-04 6.841E-04 4.363E-04 2.497E-04 1.284E-04 6.086E-05 2.883E-05
 1.046E-03 1.046E-03 1.046E-03 1.046E-03 1.046E-03 1.046E-03 1.046E-03 1.046E-03 1.046E-03 1.046E-03
 1.046E-03 1.046E-03 1.046E-03 1.046E-03 1.046E-03 1.046E-03 1.045E-03 1.045E-03 1.044E-03 1.043E-03
 1.042E-03 1.040E-03 1.036E-03 1.031E-03 1.023E-03 1.011E-03 9.927E-04 9.674E-04 9.337E-04 8.922E-04
 8.462E-04 8.001E-04 7.576E-04 7.184E-04 6.792E-04 6.356E-04 5.849E-04 5.258E-04 4.577E-04 3.806E-04
 2.964E-04 2.117E-04 1.360E-04 7.776E-05 3.985E-05 1.910E-05 9.674E-06
 1.712E-04 1.712E-04 1.712E-04 1.712E-04 1.712E-04 1.712E-04 1.712E-04 1.712E-04 1.712E-04 1.712E-04
 1.712E-04 1.712E-04 1.712E-04 1.712E-04 1.711E-04 1.711E-04 1.711E-04 1.710E-04 1.710E-04 1.708E-04
 1.706E-04 1.703E-04 1.698E-04 1.691E-04 1.679E-04 1.661E-04 1.635E-04 1.599E-04 1.551E-04 1.492E-04
 1.428E-04 1.366E-04 1.311E-04 1.265E-04 1.220E-04 1.171E-04 1.108E-04 1.026E-04 9.172E-05 7.811E-05
 6.220E-05 4.545E-05 3.005E-05 1.800E-05 1.003E-05 5.624E-06 3.624E-06
 1.643E-05 1.643E-05 1.643E-05 1.643E-05 1.643E-05 1.643E-05 1.643E-05 1.643E-05 1.643E-05 1.643E-05
 1.643E-05 1.643E-05 1.643E-05 1.643E-05 1.643E-05 1.643E-05 1.643E-05 1.642E-05 1.642E-05 1.641E-05
 1.640E-05 1.639E-05 1.636E-05 1.632E-05 1.626E-05 1.617E-05 1.603E-05 1.584E-05 1.559E-05 1.528E-05
 1.493E-05 1.459E-05 1.428E-05 1.398E-05 1.365E-05 1.325E-05 1.269E-05 1.192E-05 1.087E-05 9.510E-06
 7.890E-06 6.153E-06 4.529E-06 3.233E-06 2.355E-06 1.852E-06 1.615E-06
 1.243E-06 1.243E-06 1.243E-06 1.243E-06 1.243E-06 1.243E-06 1.243E-06 1.243E-06 1.243E-06 1.243E-06
 1.243E-06 1.243E-06 1.243E-06 1.243E-06 1.243E-06 1.243E-06 1.243E-06 1.243E-06 1.243E-06 1.242E-06
 1.242E-06 1.242E-06 1.242E-06 1.242E-06 1.241E-06 1.240E-06 1.238E-06 1.236E-06 1.234E-06 1.230E-06
 1.226E-06 1.221E-06 1.216E-06 1.209E-06 1.200E-06 1.188E-06 1.170E-06 1.145E-06 1.110E-06 1.064E-06
 1.009E-06 9.489E-07 8.921E-07 8.459E-07 8.135E-07 7.939E-07 7.835E-07
 3.544E-07 3.544E-07 3.544E-07 3.544E-07 3.544E-07 3.544E-07 3.544E-07 3.544E-07 3.544E-07 3.544E-07
 3.544E-07 3.544E-07 3.544E-07 3.544E-07 3.544E-07 3.544E-07 3.544E-07 3.544E-07 3.544E-07 3.544E-07
 3.544E-07 3.544E-07 3.544E-07 3.544E-07 3.544E-07 3.544E-07 3.544E-07 3.544E-07 3.544E-07 3.544E-07
 3.544E-07 3.544E-07 3.544E-07 3.543E-07 3.543E-07 3.542E-07 3.541E-07 3.540E-07 3.538E-07 3.535E-07
 3.532E-07 3.528E-07 3.524E-07 3.520E-07 3.516E-07 3.512E-07 3.506E-07
12C17O
 1.000E+00 1.000E+00 9.999E-01 9.999E-01 9.999E-01 9.998E-01 9.996E-01 9.994E-01 9.991E-01 9.986E-01
 9.977E-01 9.964E-01 9.944E-01 9.912E-01 9.865E-01 9.795E-01 9.695E-01 9.561E-01 9.394E-01 9.202E-01
 8.996E-01 8.773E-01 8.519E-01 8.222E-01 7.883E-01 7.498E-01 7.055E-01 6.542E-01 5.974E-01 5.394E-01
 4.840E-01 4.320E-01 3.820E-01 3.330E-01 2.854E-01 2.397E-01 1.969E-01 1.571E-01 1.207E-01 8.850E-02
 6.111E-02 3.921E-02 2.305E-02 1.239E-02 6.298E-03 3.237E-03 1.752E-03
 9.231E-01 9.231E-01 9.230E-01 9.230E-01 9.230E-01 9.229E-01 9.227E-01 9.225E-01 9.222E-01 9.217E-01
 9.208E-01 9.195E-01 9.175E-01 9.144E-01 9.098E-01 9.028E-01 8.930E-01 8.799E-01 8.635E-01 8.449E-01
 8.251E-01 8.041E-01 7.803E-01 7.528E-01 7.214E-01 6.859E-01 6.449E-01 5.972E-01 5.443E-01 4.906E-01
 4.397E-01 3.924E-01 3.473E-01 3.032E-01 2.603E-01 2.187E-01 1.791E-01 1.422E-01 1.087E-01 7.961E-02
 5.532E-02 3.602E-02 2.160E-02 1.184E-02 6.107E-03 3.167E-03 1.718E-03
 9.220E-01 9.219E-01 9.219E-01 9.219E-01 9.218E-01 9.217E-01 9.216E-01 9.214E-01 9.211E-01 9.205E-01
 9.197E-01 9.184E-01 9.164E-01 9.133E-01 9.086E-01 9.017E-01 8.919E-01 8.788E-01 8.624E-01 8.438E-01
 8.240E-01 8.030E-01 7.793E-01 7.517E-01 7.204E-01 6.849E-01 6.439E-01 5.963E-01 5.436E-01 4.899E-01
 4.392E-01 3.920E-01 3.469E-01 3.030E-01 2.600E-01 2.185E-01 1.789E-01 1.420E-01 1.086E-01 7.946E-02
 5.519E-02 3.592E-02 2.153E-02 1.179E-02 6.083E-03 3.154E-03 1.709E-03
 9.208E-01 9.207E-01 9.207E-01 9.207E-01 9.206E-01 9.206E-01 9.204E-01 9.202E-01 9.199E-01 9.194E-01
 9.185E-01 9.172E-01 9.152E-01 9.121E-01 9.074E-01 9.005E-01 8.907E-01 8.776E-01 8.612E-01 8.426E-01
 8.229E-01 8.019E-01 7.781E-01 7.506E-01 7.193E-01 6.839E-01 6.430E-01 5.955E-01 5.428E-01 4.893E-01
 4.386E-01 3.915E-01 3.465E-01 3.026E-01 2.597E-01 2.182E-01 1.786E-01 1.417E-01 1.083E-01 7.925E-02
 5.502E-02 3.579E-02 2.143E-02 1.174E-02 6.051E-03 3.136E-03 1.699E-03
 9.194E-01 9.194E-01 9.194E-01 9.193E-01 9.193E-01 9.192E-01 9.191E-01 9.189E-01 9.185E-01 9.180E-01
 9.172E-01 9.159E-01 9.139E-01 9.108E-01 9.061E-01 8.992E-01 8.894E-01 8.762E-01 8.599E-01 8.413E-01
 8.215E-01 8.005E-01 7.768E-01 7.493E-01 7.181E-01 6.827E-01 6.418E-01 5.944E-01 5.419E-01 4.885E-01
 4.379E-01 3.909E-01 3.460E-01 3.022E-01 2.593E-01 2.178E-01 1.783E-01 1.414E-01 1.080E-01 7.899E-02
 5.480E-02 3.561E-02 2.131E-02 1.166E-02 6.009E-03 3.113E-03 1.685E-03
 9.178E-01 9.177E-01 9.177E-01 9.177E-01 9.176E-01 9.175E-01 9.174E-01 9.172E-01 9.169E-01 9.163E-01
 9.155E-01 9.142E-01 9.122E-01 9.091E-01 9.044E-01 8.975E-01 8.877E-01 8.746E-01 8.582E-01 8.396E-01
 8.199E-01 7.989E-01 7.752E-01 7.477E-01 7.166E-01 6.812E-01 6.405E-01 5.932E-01 5.408E-01 4.875E-01
 4.370E-01 3.902E-01 3.454E-01 3.016E-01 2.588E-01 2.173E-01 1.778E-01 1.410E-01 1.076E-01 7.864E-02
 5.450E-02 3.538E-02 2.115E-02 1.156E-02 5.957E-03 3.086E-03 1.670E-03
 9.158E-01 9.157E-01 9.157E-01 9.157E-01 9.156E-01 9.155E-01 9.154E-01 9.152E-01 9.149E-01 9.143E-01
 9.135E-01 9.122E-01 9.102E-01 9.071E-01 9.024E-01 8.955E-01 8.857E-01 8.726E-01 8.562E-01 8.377E-01
 8.179E-01 7.970E-01 7.733E-01 7.459E-01 7.147E-01 6.795E-01 6.388E-01 5.916E-01 5.394E-01 4.863E-01
 4.360E-01 3.893E-01 3.446E-01 3.009E-01 2.581E-01 2.167E-01 1.772E-01 1.404E-01 1.071E-01 7.820E-02
 5.413E-02 3.510E-02 2.096E-02 1.145E-02 5.897E-03 3.056E-03 1.653E-03
 9.030E-01 9.029E-01 9.029E-01 9.029E-01 9.028E-01 9.027E-01 9.026E-01 9.024E-01 9.021E-01 9.015E-01
 9.007E-01 8.994E-01 8.974E-01 8.943E-01 8.896E-01 8.827E-01 8.729E-01 8.598E-01 8.435E-01 8.249E-01
 8.052E-01 7.842E-01 7.606E-01 7.333E-01 7.022E-01 6.672E-01 6.267E-01 5.799E-01 5.281E-01 4.756E-01
 4.260E-01 3.800E-01 3.360E-01 2.931E-01 2.512E-01 2.107E-01 1.722E-01 1.362E-01 1.037E-01 7.555E-02
 5.224E-02 3.392E-02 2.036E-02 1.121E-02 5.817E-03 3.026E-03 1.637E-03
 8.996E-01 8.996E-01 8.996E-01 8.996E-01 8.995E-01 8.994E-01 8.993E-01 8.991E-01 8.987E-01 8.982E-01
 8.974E-01 8.961E-01 8.941E-01 8.910E-01 8.863E-01 8.794E-01 8.696E-01 8.565E-01 8.402E-01 8.216E-01
 8.019E-01 7.810E-01 7.575E-01 7.302E-01 6.992E-01 6.643E-01 6.240E-01 5.774E-01 5.259E-01 4.736E-01
 4.242E-01 3.784E-01 3.347E-01 2.918E-01 2.500E-01 2.096E-01 1.712E-01 1.353E-01 1.029E-01 7.485E-02
 5.166E-02 3.348E-02 2.006E-02 1.104E-02 5.733E-03 2.986E-03 1.616E-03
 8.963E-01 8.963E-01 8.963E-01 8.962E-01 8.962E-01 8.961E-01 8.960E-01 8.958E-01 8.954E-01 8.949E-01
 8.941E-01 8.928E-01 8.908E-01 8.877E-01 8.830E-01 8.761E-01 8.663E-01 8.532E-01 8.369E-01 8.184E-01
 7.987E-01 7.778E-01 7.543E-01 7.271E-01 6.963E-01 6.615E-01 6.214E-01 5.750E-01 5.237E-01 4.717E-01
 4.225E-01 3.769E-01 3.333E-01 2.906E-01 2.489E-01 2.086E-01 1.703E-01 1.345E-01 1.022E-01 7.423E-02
 5.115E-02 3.310E-02 1.982E-02 1.091E-02 5.671E-03 2.958E-03 1.601E-03
 8.929E-01 8.928E-01 8.928E-01 8.928E-01 8.927E-01 8.927E-01 8.925E-01 8.923E-01 8.920E-01 8.915E-01
 8.906E-01 8.893E-01 8.873E-01 8.842E-01 8.796E-01 8.727E-01 8.629E-01 8.498E-01 8.335E-01 8.150E-01
 7.953E-01 7.745E-01 7.510E-01 7.239E-01 6.932E-01 6.585E-01 6.187E-01 5.725E-01 5.215E-01 4.697E-01
 4.208E-01 3.754E-01 3.320E-01 2.894E-01 2.479E-01 2.077E-01 1.695E-01 1.338E-01 1.016E-01 7.372E-02
 5.075E-02 3.280E-02 1.963E-02 1.081E-02 5.626E-03 2.936E-03 1.588E-03
 8.891E-01 8.891E-01 8.890E-01 8.890E-01 8.889E-01 8.889E-01 8.887E-01 8.885E-01 8.882E-01 8.877E-01
 8.868E-01 8.855E-01 8.835E-01 8.805E-01 8.758E-01 8.689E-01 8.591E-01 8.460E-01 8.297E-01 8.112E-01
 7.916E-01 7.709E-01 7.475E-01 7.205E-01 6.899E-01 6.554E-01 6.157E-01 5.698E-01 5.191E-01 4.676E-01
 4.190E-01 3.738E-01 3.306E-01 2.882E-01 2.468E-01 2.068E-01 1.687E-01 1.332E-01 1.011E-01 7.329E-02
 5.041E-02 3.256E-02 1.948E-02 1.073E-02 5.591E-03 2.919E-03 1.577E-03
 8.849E-01 8.848E-01 8.848E-01 8.848E-01 8.847E-01 8.846E-01 8.845E-01 8.843E-01 8.840E-01 8.834E-01
 8.826E-01 8.813E-01 8.793E-01 8.762E-01 8.716E-01 8.647E-01 8.549E-01 8.418E-01 8.256E-01 8.071E-01
 7.875E-01 7.668E-01 7.435E-01 7.166E-01 6.861E-01 6.518E-01 6.123E-01 5.668E-01 5.164E-01 4.653E-01
 4.170E-01 3.720E-01 3.290E-01 2.869E-01 2.457E-01 2.059E-01 1.680E-01 1.326E-01 1.006E-01 7.288E-02
 5.009E-02 3.233E-02 1.934E-02 1.066E-02 5.560E-03 2.904E-03 1.568E-03
 8.801E-01 8.801E-01 8.801E-01 8.800E-01 8.800E-01 8.799E-01 8.798E-01 8.795E-01 8.792E-01 8.787E-01
 8.779E-01 8.766E-01 8.746E-01 8.715E-01 8.668E-01 8.599E-01 8.502E-01 8.371E-01 8.208E-01 8.024E-01
 7.829E-01 7.622E-01 7.390E-01 7.121E-01 6.818E-01 6.477E-01 6.085E-01 5.632E-01 5.133E-01 4.626E-01
 4.146E-01 3.700E-01 3.273E-01 2.853E-01 2.444E-01 2.048E-01 1.671E-01 1.319E-01 1.000E-01 7.244E-02
 4.974E-02 3.209E-02 1.919E-02 1.058E-02 5.527E-03 2.889E-03 1.560E-03
 8.745E-01 8.744E-01 8.744E-01 8.744E-01 8.743E-01 8.742E-01 8.741E-01 8.739E-01 8.736E-01 8.730E-01
 8.722E-01 8.709E-01 8.689E-01 8.658E-01 8.612E-01 8.543E-01 8.445E-01 8.315E-01 8.152E-01 7.968E-01
 7.773E-01 7.567E-01 7.336E-01 7.068E-01 6.767E-01 6.428E-01 6.039E-01 5.590E-01 5.095E-01 4.593E-01
 4.118E-01 3.676E-01 3.251E-01 2.835E-01 2.428E-01 2.035E-01 1.661E-01 1.311E-01 9.937E-02 7.190E-02
 4.933E-02 3.180E-02 1.902E-02 1.049E-02 5.486E-03 2.870E-03 1.549E-03
 8.674E-01 8.674E-01 8.674E-01 8.673E-01 8.673E-01 8.672E-01 8.671E-01 8.668E-01 8.665E-01 8.660E-01
 8.652E-01 8.639E-01 8.619E-01 8.588E-01 8.541E-01 8.473E-01 8.375E-01 8.245E-01 8.083E-01 7.899E-01
 7.704E-01 7.499E-01 7.268E-01 7.002E-01 6.702E-01 6.366E-01 5.981E-01 5.537E-01 5.048E-01 4.551E-01
 4.083E-01 3.646E-01 3.225E-01 2.812E-01 2.409E-01 2.019E-01 1.648E-01 1.300E-01 9.852E-02 7.122E-02
 4.880E-02 3.143E-02 1.879E-02 1.038E-02 5.432E-03 2.845E-03 1.536E-03
 8.586E-01 8.586E-01 8.586E-01 8.585E-01 8.585E-01 8.584E-01 8.583E-01 8.581E-01 8.577E-01 8.572E-01
 8.564E-01 8.551E-01 8.531E-01 8.500E-01 8.454E-01 8.385E-01 8.288E-01 8.157E-01 7.996E-01 7.812E-01
 7.618E-01 7.414E-01 7.184E-01 6.920E-01 6.622E-01 6.289E-01 5.909E-01 5.470E-01 4.988E-01 4.500E-01
 4.038E-01 3.607E-01 3.192E-01 2.783E-01 2.384E-01 1.998E-01 1.631E-01 1.287E-01 9.744E-02 7.035E-02
 4.813E-02 3.096E-02 1.850E-02 1.022E-02 5.359E-03 2.809E-03 1.516E-03
 8.479E-01 8.479E-01 8.479E-01 8.478E-01 8.478E-01 8.477E-01 8.476E-01 8.474E-01 8.470E-01 8.465E-01
 8.457E-01 8.444E-01 8.424E-01 8.393E-01 8.347E-01 8.278E-01 8.181E-01 8.051E-01 7.890E-01 7.707E-01
 7.513E-01 7.310E-01 7.082E-01 6.820E-01 6.525E-01 6.196E-01 5.820E-01 5.389E-01 4.915E-01 4.436E-01
 3.983E-01 3.560E-01 3.150E-01 2.747E-01 2.353E-01 1.972E-01 1.610E-01 1.270E-01 9.606E-02 6.924E-02
 4.727E-02 3.035E-02 1.812E-02 1.002E-02 5.259E-03 2.758E-03 1.489E-03
 8.352E-01 8.352E-01 8.352E-01 8.351E-01 8.351E-01 8.350E-01 8.349E-01 8.347E-01 8.343E-01 8.338E-01
 8.330E-01 8.317E-01 8.297E-01 8.266E-01 8.220E-01 8.152E-01 8.055E-01 7.925E-01 7.764E-01 7.582E-01
 7.390E-01 7.188E-01 6.961E-01 6.702E-01 6.410E-01 6.086E-01 5.716E-01 5.293E-01 4.828E-01 4.359E-01
 3.917E-01 3.503E-01 3.101E-01 2.703E-01 2.315E-01 1.941E-01 1.584E-01 1.248E-01 9.433E-02 6.784E-02
 4.618E-02 2.958E-02 1.764E-02 9.754E-03 5.124E-03 2.690E-03 1.453E-03
 8.205E-01 8.204E-01 8.204E-01 8.204E-01 8.203E-01 8.202E-01 8.201E-01 8.199E-01 8.196E-01 8.190E-01
 8.182E-01 8.170E-01 8.150E-01 8.119E-01 8.073E-01 8.005E-01 7.908E-01 7.779E-01 7.619E-01 7.437E-01
 7.247E-01 7.046E-01 6.822E-01 6.566E-01 6.278E-01 5.959E-01 5.596E-01 5.181E-01 4.727E-01 4.270E-01
 3.839E-01 3.435E-01 3.042E-01 2.652E-01 2.271E-01 1.903E-01 1.553E-01 1.223E-01 9.224E-02 6.614E-02
 4.487E-02 2.865E-02 1.705E-02 9.420E-03 4.951E-03 2.600E-03 1.404E-03
 8.037E-01 8.036E-01 8.036E-01 8.036E-01 8.035E-01 8.035E-01 8.033E-01 8.031E-01 8.028E-01 8.023E-01
 8.015E-01 8.002E-01 7.982E-01 7.952E-01 7.906E-01 7.838E-01 7.742E-01 7.613E-01 7.454E-01 7.274E-01
 7.085E-01 6.887E-01 6.665E-01 6.413E-01 6.130E-01 5.816E-01 5.461E-01 5.055E-01 4.612E-01 4.167E-01
 3.749E-01 3.357E-01 2.973E-01 2.593E-01 2.219E-01 1.860E-01 1.516E-01 1.193E-01 8.978E-02 6.415E-02
 4.333E-02 2.755E-02 1.635E-02 9.022E-03 4.741E-03 2.490E-03 1.345E-03
 7.851E-01 7.850E-01 7.850E-01 7.850E-01 7.849E-01 7.848E-01 7.847E-01 7.845E-01 7.842E-01 7.837E-01
 7.829E-01 7.816E-01 7.796E-01 7.766E-01 7.720E-01 7.653E-01 7.558E-01 7.430E-01 7.272E-01 7.094E-01
 6.907E-01 6.712E-01 6.494E-01 6.245E-01 5.968E-01 5.661E-01 5.313E-01 4.917E-01 4.485E-01 4.053E-01
 3.647E-01 3.267E-01 2.895E-01 2.524E-01 2.160E-01 1.809E-01 1.474E-01 1.158E-01 8.692E-02 6.186E-02
 4.158E-02 2.632E-02 1.557E-02 8.575E-03 4.503E-03 2.365E-03 1.277E-03
 7.646E-01 7.646E-01 7.645E-01 7.645E-01 7.645E-01 7.644E-01 7.642E-01 7.640E-01 7.637E-01 7.632E-01
 7.624E-01 7.612E-01 7.592E-01 7.562E-01 7.517E-01 7.450E-01 7.356E-01 7.230E-01 7.074E-01 6.898E-01
 6.714E-01 6.522E-01 6.309E-01 6.066E-01 5.794E-01 5.493E-01 5.154E-01 4.768E-01 4.347E-01 3.927E-01
 3.534E-01 3.166E-01 2.805E-01 2.445E-01 2.092E-01 1.751E-01 1.425E-01 1.118E-01 8.362E-02 5.924E-02
 3.962E-02 2.496E-02 1.472E-02 8.096E-03 4.250E-03 2.233E-03 1.205E-03
 7.420E-01 7.420E-01 7.420E-01 7.419E-01 7.419E-01 7.418E-01 7.417E-01 7.415E-01 7.412E-01 7.407E-01
 7.399E-01 7.386E-01 7.367E-01 7.338E-01 7.293E-01 7.227E-01 7.134E-01 7.010E-01 6.857E-01 6.684E-01
 6.504E-01 6.317E-01 6.109E-01 5.872E-01 5.607E-01 5.314E-01 4.983E-01 4.607E-01 4.197E-01 3.789E-01
 3.408E-01 3.053E-01 2.704E-01 2.356E-01 2.014E-01 1.684E-01 1.368E-01 1.071E-01 7.983E-02 5.629E-02
 3.744E-02 2.350E-02 1.383E-02 7.601E-03 3.992E-03 2.098E-03 1.132E-03
 7.168E-01 7.168E-01 7.168E-01 7.168E-01 7.167E-01 7.166E-01 7.165E-01 7.163E-01 7.160E-01 7.155E-01
 7.147E-01 7.135E-01 7.116E-01 7.087E-01 7.044E-01 6.979E-01 6.888E-01 6.767E-01 6.617E-01 6.449E-01
 6.274E-01 6.092E-01 5.891E-01 5.661E-01 5.404E-01 5.119E-01 4.798E-01 4.432E-01 4.035E-01 3.639E-01
 3.271E-01 2.927E-01 2.591E-01 2.255E-01 1.925E-01 1.607E-01 1.304E-01 1.017E-01 7.555E-02 5.301E-02
 3.509E-02 2.195E-02 1.290E-02 7.100E-03 3.735E-03 1.967E-03 1.061E-03
 6.881E-01 6.880E-01 6.880E-01 6.880E-01 6.879E-01 6.879E-01 6.877E-01 6.875E-01 6.872E-01 6.868E-01
 6.860E-01 6.848E-01 6.830E-01 6.802E-01 6.760E-01 6.697E-01 6.609E-01 6.491E-01 6.346E-01 6.184E-01
 6.015E-01 5.841E-01 5.648E-01 5.427E-01 5.179E-01 4.904E-01 4.593E-01 4.240E-01 3.856E-01 3.474E-01
 3.120E-01 2.790E-01 2.466E-01 2.143E-01 1.827E-01 1.522E-01 1.232E-01 9.580E-02 7.085E-02 4.947E-02
 3.260E-02 2.033E-02 1.195E-02 6.591E-03 3.478E-03 1.838E-03 9.945E-04
 6.540E-01 6.540E-01 6.539E-01 6.539E-01 6.539E-01 6.538E-01 6.537E-01 6.535E-01 6.532E-01 6.527E-01
 6.520E-01 6.509E-01 6.492E-01 6.465E-01 6.424E-01 6.364E-01 6.280E-01 6.167E-01 6.029E-01 5.874E-01
 5.714E-01 5.549E-01 5.366E-01 5.155E-01 4.918E-01 4.655E-01 4.358E-01 4.020E-01 3.653E-01 3.289E-01
 2.950E-01 2.636E-01 2.327E-01 2.019E-01 1.718E-01 1.428E-01 1.152E-01 8.928E-02 6.575E-02 4.569E-02
 2.999E-02 1.866E-02 1.097E-02 6.059E-03 3.209E-03 1.704E-03 9.276E-04
 6.118E-01 6.117E-01 6.117E-01 6.117E-01 6.116E-01 6.116E-01 6.115E-01 6.113E-01 6.110E-01 6.106E-01
 6.099E-01 6.089E-01 6.072E-01 6.047E-01 6.009E-01 5.953E-01 5.874E-01 5.769E-01 5.639E-01 5.495E-01
 5.346E-01 5.192E-01 5.021E-01 4.824E-01 4.602E-01 4.354E-01 4.075E-01 3.757E-01 3.412E-01 3.069E-01
 2.752E-01 2.456E-01 2.166E-01 1.877E-01 1.594E-01 1.321E-01 1.063E-01 8.208E-02 6.019E-02 4.165E-02
 2.724E-02 1.692E-02 9.937E-03 5.490E-03 2.914E-03 1.555E-03 8.534E-04
 5.577E-01 5.577E-01 5.576E-01 5.576E-01 5.576E-01 5.575E-01 5.574E-01 5.573E-01 5.570E-01 5.566E-01
 5.560E-01 5.551E-01 5.536E-01 5.513E-01 5.479E-01 5.428E-01 5.357E-01 5.261E-01 5.144E-01 5.014E-01
 4.879E-01 4.739E-01 4.584E-01 4.405E-01 4.202E-01 3.976E-01 3.720E-01 3.430E-01 3.115E-01 2.801E-01
 2.510E-01 2.240E-01 1.974E-01 1.709E-01 1.449E-01 1.199E-01 9.619E-02 7.405E-02 5.411E-02 3.733E-02
 2.436E-02 1.511E-02 8.864E-03 4.888E-03 2.591E-03 1.386E-03 7.654E-04
 4.879E-01 4.878E-01 4.878E-01 4.878E-01 4.878E-01 4.877E-01 4.876E-01 4.875E-01 4.873E-01 4.870E-01
 4.864E-01 4.856E-01 4.844E-01 4.824E-01 4.795E-01 4.751E-01 4.690E-01 4.609E-01 4.508E-01 4.396E-01
 4.280E-01 4.160E-01 4.025E-01 3.870E-01 3.693E-01 3.496E-01 3.272E-01 3.018E-01 2.743E-01 2.468E-01
 2.213E-01 1.975E-01 1.742E-01 1.507E-01 1.278E-01 1.056E-01 8.466E-02 6.505E-02 4.746E-02 3.271E-02
 2.136E-02 1.326E-02 7.761E-03 4.259E-03 2.243E-03 1.193E-03 6.598E-04
 4.003E-01 4.002E-01 4.002E-01 4.002E-01 4.002E-01 4.001E-01 4.001E-01 4.000E-01 3.998E-01 3.995E-01
 3.991E-01 3.985E-01 3.975E-01 3.960E-01 3.937E-01 3.903E-01 3.855E-01 3.791E-01 3.712E-01 3.624E-01
 3.532E-01 3.436E-01 3.329E-01 3.203E-01 3.061E-01 2.900E-01 2.719E-01 2.512E-01 2.287E-01 2.062E-01
 1.853E-01 1.657E-01 1.464E-01 1.270E-01 1.078E-01 8.932E-02 7.165E-02 5.510E-02 4.023E-02 2.779E-02
 1.821E-02 1.133E-02 6.623E-03 3.605E-03 1.871E-03 9.780E-04 5.360E-04
 2.982E-01 2.982E-01 2.982E-01 2.982E-01 2.981E-01 2.981E-01 2.981E-01 2.980E-01 2.979E-01 2.977E-01
 2.974E-01 2.970E-01 2.963E-01 2.953E-01 2.937E-01 2.914E-01 2.882E-01 2.838E-01 2.784E-01 2.723E-01
 2.660E-01 2.592E-01 2.516E-01 2.426E-01 2.323E-01 2.207E-01 2.074E-01 1.923E-01 1.758E-01 1.593E-01
 1.438E-01 1.292E-01 1.147E-01 1.001E-01 8.545E-02 7.115E-02 5.734E-02 4.429E-02 3.249E-02 2.257E-02
 1.489E-02 9.307E-03 5.426E-03 2.919E-03 1.478E-03 7.459E-04 3.994E-04
 1.932E-01 1.932E-01 1.932E-01 1.932E-01 1.932E-01 1.931E-01 1.931E-01 1.931E-01 1.930E-01 1.929E-01
 1.928E-01 1.925E-01 1.922E-01 1.916E-01 1.908E-01 1.895E-01 1.877E-01 1.853E-01 1.824E-01 1.790E-01
 1.753E-01 1.714E-01 1.669E-01 1.615E-01 1.553E-01 1.482E-01 1.400E-01 1.305E-01 1.202E-01 1.098E-01
 9.994E-02 9.055E-02 8.116E-02 7.154E-02 6.177E-02 5.198E-02 4.230E-02 3.297E-02 2.442E-02 1.714E-02
 1.143E-02 7.192E-03 4.185E-03 2.216E-03 1.081E-03 5.157E-04 2.647E-04
 1.036E-01 1.036E-01 1.036E-01 1.036E-01 1.036E-01 1.036E-01 1.036E-01 1.036E-01 1.036E-01 1.035E-01
 1.035E-01 1.034E-01 1.032E-01 1.030E-01 1.027E-01 1.022E-01 1.015E-01 1.006E-01 9.938E-02 9.799E-02
 9.644E-02 9.472E-02 9.267E-02 9.019E-02 8.726E-02 8.382E-02 7.982E-02 7.518E-02 7.006E-02 6.479E-02
 5.971E-02 5.479E-02 4.982E-02 4.462E-02 3.920E-02 3.355E-02 2.774E-02 2.197E-02 1.655E-02 1.183E-02
 8.024E-03 5.114E-03 2.981E-03 1.552E-03 7.235E-04 3.194E-04 1.536E-04
 4.436E-02 4.436E-02 4.436E-02 4.436E-02 4.435E-02 4.435E-02 4.435E-02 4.435E-02 4.434E-02 4.433E-02
 4.432E-02 4.430E-02 4.427E-02 4.422E-02 4.414E-02 4.403E-02 4.386E-02 4.363E-02 4.334E-02 4.297E-02
 4.254E-02 4.201E-02 4.137E-02 4.056E-02 3.958E-02 3.839E-02 3.696E-02 3.528E-02 3.338E-02 3.137E-02
 2.936E-02 2.737E-02 2.532E-02 2.315E-02 2.079E-02 1.821E-02 1.541E-02 1.250E-02 9.668E-03 7.113E-03
 4.963E-03 3.233E-03 1.904E-03 9.828E-04 4.398E-04 1.789E-04 7.973E-05
 1.515E-02 1.515E-02 1.515E-02 1.515E-02 1.515E-02 1.515E-02 1.515E-02 1.514E-02 1.514E-02 1.514E-02
 1.514E-02 1.514E-02 1.514E-02 1.513E-02 1.512E-02 1.511E-02 1.508E-02 1.505E-02 1.501E-02 1.496E-02
 1.488E-02 1.478E-02 1.465E-02 1.448E-02 1.425E-02 1.397E-02 1.361E-02 1.316E-02 1.263E-02 1.204E-02
 1.141E-02 1.077E-02 1.012E-02 9.428E-03 8.662E-03 7.783E-03 6.780E-03 5.683E-03 4.561E-03 3.492E-03
 2.532E-03 1.702E-03 1.024E-03 5.315E-04 2.325E-04 8.939E-05 3.804E-05
 4.169E-03 4.169E-03 4.169E-03 4.169E-03 4.169E-03 4.169E-03 4.169E-03 4.169E-03 4.169E-03 4.169E-03
 4.169E-03 4.169E-03 4.168E-03 4.168E-03 4.167E-03 4.166E-03 4.164E-03 4.162E-03 4.157E-03 4.151E-03
 4.142E-03 4.129E-03 4.109E-03 4.081E-03 4.042E-03 3.986E-03 3.909E-03 3.806E-03 3.672E-03 3.513E-03
 3.337E-03 3.157E-03 2.983E-03 2.812E-03 2.632E-03 2.425E-03 2.180E-03 1.899E-03 1.593E-03 1.278E-03
 9.685E-04 6.766E-04 4.197E-04 2.218E-04 9.687E-05 3.684E-05 1.624E-05
 8.708E-04 8.708E-04 8.708E-04 8.708E-04 8.708E-04 8.708E-04 8.708E-04 8.708E-04 8.708E-04 8.708E-04
 8.707E-04 8.707E-04 8.707E-04 8.706E-04 8.705E-04 8.704E-04 8.702E-04 8.698E-04 8.693E-04 8.684E-04
 8.671E-04 8.649E-04 8.617E-04 8.566E-04 8.490E-04 8.375E-04 8.208E-04 7.973E-04 7.661E-04 7.280E-04
 6.858E-04 6.444E-04 6.073E-04 5.752E-04 5.454E-04 5.135E-04 4.759E-04 4.304E-04 3.768E-04 3.160E-04
 2.498E-04 1.814E-04 1.166E-04 6.358E-05 2.878E-05 1.198E-05 6.428E-06
 1.182E-04 1.182E-04 1.182E-04 1.182E-04 1.182E-04 1.182E-04 1.182E-04 1.182E-04 1.182E-04 1.181E-04
 1.181E-04 1.181E-04 1.181E-04 1.181E-04 1.181E-04 1.181E-04 1.181E-04 1.180E-04 1.180E-04 1.178E-04
 1.177E-04 1.174E-04 1.169E-04 1.162E-04 1.151E-04 1.135E-04 1.111E-04 1.078E-04 1.033E-04 9.784E-05
 9.189E-05 8.617E-05 8.128E-05 7.736E-05 7.403E-05 7.070E-05 6.676E-05 6.180E-05 5.555E-05 4.792E-05
 3.906E-05 2.942E-05 1.989E-05 1.180E-05 6.355E-06 3.715E-06 2.846E-06
 8.584E-06 8.584E-06 8.584E-06 8.584E-06 8.584E-06 8.584E-06 8.584E-06 8.584E-06 8.584E-06 8.584E-06
 8.584E-06 8.584E-06 8.584E-06 8.583E-06 8.583E-06 8.582E-06 8.580E-06 8.578E-06 8.574E-06 8.568E-06
 8.558E-06 8.543E-06 8.520E-06 8.484E-06 8.428E-06 8.343E-06 8.219E-06 8.043E-06 7.810E-06 7.526E-06
 7.214E-06 6.913E-06 6.651E-06 6.432E-06 6.235E-06 6.022E-06 5.761E-06 5.423E-06 4.994E-06 4.471E-06
 3.871E-06 3.229E-06 2.598E-06 2.062E-06 1.698E-06 1.517E-06 1.450E-06
 8.677E-07 8.677E-07 8.677E-07 8.677E-07 8.677E-07 8.677E-07 8.677E-07 8.677E-07 8.677E-07 8.677E-07
 8.677E-07 8.677E-07 8.677E-07 8.677E-07 8.677E-07 8.677E-07 8.677E-07 8.676E-07 8.676E-07 8.675E-07
 8.675E-07 8.673E-07 8.671E-07 8.667E-07 8.661E-07 8.653E-07 8.640E-07 8.622E-07 8.598E-07 8.569E-07
 8.535E-07 8.501E-07 8.468E-07 8.435E-07 8.398E-07 8.352E-07 8.292E-07 8.213E-07 8.114E-07 7.997E-07
 7.870E-07 7.741E-07 7.618E-07 7.514E-07 7.440E-07 7.395E-07 7.367E-07
 3.325E-07 3.325E-07 3.325E-07 3.325E-07 3.325E-07 3.325E-07 3.325E-07 3.325E-07 3.325E-07 3.325E-07
 3.325E-07 3.325E-07 3.325E-07 3.325E-07 3.325E-07 3.325E-07 3.325E-07 3.325E-07 3.325E-07 3.325E-07
 3.325E-07 3.325E-07 3.325E-07 3.325E-07 3.325E-07 3.325E-07 3.325E-07 3.325E-07 3.325E-07 3.325E-07
 3.325E-07 3.325E-07 3.325E-07 3.324E-07 3.324E-07 3.324E-07 3.324E-07 3.324E-07 3.323E-07 3.322E-07
 3.322E-07 3.321E-07 3.320E-07 3.318E-07 3.316E-07 3.312E-07 3.307E-07


